"V1" "V2" "V3" "V4" "V5" "V6"
33,3975090504517 45,7284177257653 41,0792278559506 -7,23922482816095 NA -25,2846377637546
NA 42,5321115298852 41,6301330053533 -8,08275748119758 -19,651344108928 NA
14,1451881151221 11,675356056552 40,1188099447301 -5,20422102271745 NA -35,619047776707
-25,6952121455293 -12,2881950142755 20,3228961511862 -12,9377304564663 -24,7347092633922 -35,4898295763358
-79,4613217585013 -46,5094294445425 NA -14,0497042036544 -18,2638962586051 NA
NA 22,5196773605759 22,0084128709272 -13,2175916278679 -21,3643015347514 -29,159799245111
26,3484428559147 42,4711752122249 NA -3,98516959535167 NA -20,7544055894482
NA 47,4355044016392 22,0328003205381 -10,168958307588 -21,8173770738239 -30,8942293279963
9,72151833916137 14,367353628275 22,7103170669416 -11,1483968234885 -40,7413032171129 -56,2782663465215
-78,1550489283267 -54,7483927255378 -30,3297312679162 -18,0130785258328 -27,4215016986674 -36,2417849372957
-7,36939275401204 5,23847145925313 39,9529700206518 NA NA -16,6329924647151
NA 46,3133979596218 56,8020132864721 NA -14,209022157549 -23,7525875958465
NA 35,503784317075 44,1335027919992 -5,03720624659159 -11,7400255959752 -22,1839516173806
-21,8947109674799 -8,5932703151826 12,2932444809865 NA -27,0460716817927 -36,709035849892
NA 13,9839688841559 -27,3417827025465 NA NA NA
21,1757078807125 44,7029022088275 -0,0624910898014548 -18,3242023767837 -28,2798284686246 -34,7295592216232
40,7766448155189 18,4443824013355 59,4838127306283 -0,811493300858761 -7,427755464723 -19,8470522010975
32,7930318628258 50,540703687194 25,2634104563876 -12,2868247657676 -20,4374534975043 -29,2027801575593
-11,0987877279498 14,6456939306137 9,12599355406415 -11,3189528158938 NA -24,4948238895278
12,3574795795804 NA -16,0168340842268 -17,1185541184694 -19,2737282953889 -25,5452170108882
44,913112175366 41,8528779471898 37,6340395734649 -5,67490011031795 NA -16,6798324230057
NA -34,5757377092871 11,1751576508605 NA -7,4535736640256 -18,2470596911921
50,5570882625097 70,6402795191447 53,0918698277481 -7,14931739735174 -15,9018548672015 -25,6892749801633
23,3923053173797 48,7817631047753 44,4028704228424 -11,2668711227819 -23,1894435522059 NA
9,45586190214668 27,48526093496 44,2911183017261 -6,70823222842792 -19,6213173846946 -31,2280569643259
-10,6186284975906 32,8742376574659 -22,4403277474531 -18,6867901483878 NA -39,6704745081749
NA -31,1449745361412 1,52756393937491 -17,4075718707243 -36,1896127538729 -46,3661582225077
-44,4713716419071 -3,01145638283436 -12,8209519783543 -16,7807378302734 -26,2735972958756 -34,3237153362286
-8,42997464750828 11,0518289640058 32,4622186926069 -10,672014704175 -12,1939805927414 -19,3506522259371
NA 12,0416386379173 -18,4518958511677 -17,850151429379 -42,0913678894045 -53,6539555449104
60,2594862656393 51,2569181828458 41,877745627293 -5,99415703842347 -10,9298256878997 -20,0563322341092
NA 10,2737434460526 58,8215465411322 0,77274707882609 6,72647520364132 -2,528377283433
16,8891921132684 NA 57,9736575851642 -5,0390307958258 -18,3274596151552 NA
36,500838661509 NA 50,551587197888 -3,72555863633697 -20,4139107653011 -35,3657027434284
-34,4570698895507 -28,9060181684485 24,2227631000281 -7,92889143727926 -11,7044322749258 -21,4192170351253
NA 11,1783645403363 19,976017237661 NA -31,3934180865631 -42,867742557736
-15,8605154255984 8,62276233036034 21,0991074777733 -13,2814721981822 -24,9804235802688 -34,0958451322811
60,9697861358696 48,8620000273128 16,3542115020018 -12,2925208293286 -24,120785437907 -33,4384775042515
11,0255377383319 17,9740207655515 2,30482999427555 -15,1553177981866 NA NA
-38,102741352046 NA NA NA -19,2287394935147 -29,1415923266451
-8,63449285350428 10,7797352883356 41,2109843803013 -6,01641805418613 -9,65067099148363 -18,8452516985044
-16,0234654872312 16,0909640788568 21,8342867452216 -13,6874720270979 -18,8402511742395 -26,3861888848285
-16,6723259584534 0,644619188269495 20,2103689885386 -8,00995845317427 -17,7210915540931 -27,9293629583824
NA 63,0447247923364 NA NA -4,72823523784267 -14,6345775426194
72,7886988188404 NA 47,2159241621624 -8,39468431864245 -22,8138262236392 -33,7663163332588
-8,86172322328739 14,122604269434 NA -18,1143230439496 -29,5933933062434 -37,5382308149673
-21,1057938606099 -16,0697105413168 56,324976733772 -2,7901670001245 -11,8880987379593 -24,3833717702617
NA -8,84684050882303 3,42089580141849 -15,9700377432506 -22,1839910378873 NA
53,8315483750139 48,8446274991351 55,190061097851 -5,22152343061417 -17,5092639279972 NA
-43,4252116895122 -42,3295598936355 0,596422334853219 -9,11720695205627 -19,5635919239566 -31,5321189016103
-22,2519301925295 NA -2,21112835871574 -18,1595924121056 -31,2039650039331 -39,8714607931275
31,109411891737 28,7024595206599 43,7157539983532 -7,78533596460532 NA NA
10,3209513220846 23,7709185697442 30,2695473891162 -10,2858099569423 -7,57630872269812 -13,7071382969381
20,4695252915682 19,3473160794145 43,404719121045 -8,8909435779448 -18,7991192332273 -28,6600708966977
64,9762721734179 79,3066901293578 61,1642987350343 -6,08310158827192 -12,7942115270312 NA
24,9898851287702 32,0313495369956 18,5025510509983 -11,4340020537109 -8,59192158344733 -13,6440640214865
NA NA -34,5282201449833 -18,7502533412035 -29,9170093316403 -38,2083047369007
48,4872719640712 48,4570972273534 59,697287468968 -7,17254489230234 -18,6892759031141 -29,1330912841777
28,6015354151115 36,8905532392213 59,0480247609395 -4,96878051952046 -13,9006762885764 -24,4862761928831
-29,3242486043613 7,29329060007307 -11,775900554042 NA -37,8946091527577 -48,5358140779131
59,6028828488039 48,3082999734214 NA NA -18,7206995783856 -31,7741105904828
34,7047206270285 20,6003818292058 NA -7,41263555133655 NA -5,9916563792148
NA 33,2110826168025 1,36211358026985 -18,3030460272193 -40,6597286591615 -51,5350964013012
-6,5068388243929 19,3322812828932 NA -9,42882590634618 -5,5063706588226 NA
NA 7,81275378717521 11,9233649138112 -14,2535976144828 -27,7385832326819 NA
-42,4221283245924 -14,7872233572688 12,7044395752184 -14,1623067400435 -32,3119652348005 -43,0730086588074
0,194224168840917 6,99738444968017 32,2273331495003 -7,75037857540446 -10,396064195169 -19,0258237995726
-34,2959095454221 -4,058193792478 -46,4938510691684 -21,6547094296569 -42,3132947802199 -51,3783390831512
50,8618317059061 57,1429914576043 64,5978560495681 -5,34268355670095 NA -35,1314876010196
38,6364102127742 36,5524117923 55,2170723391232 -6,83346474827848 -26,5562085211859 -40,3718776765104
47,4570117545576 NA 63,1202843295606 NA -12,229914312754 NA
25,8620766839684 24,8288164483338 5,34891257346275 -14,1666501732594 -46,118148729397 -61,8535748500183
56,7814806064926 55,895789968279 79,4724255117418 -5,06475843645311 -10,6107329476809 NA
11,3146066647774 34,4548138022992 41,5617040484346 -12,5882273810854 -29,3226985408553 -40,6712197836319
61,2382430313383 55,2705816317091 55,2014271340697 NA -24,9006602243872 NA
-53,5112176728048 -30,0196772161406 20,5523963473341 -7,1885810961125 -18,3135928185205 -31,0299123600763
-52,8592218108339 NA 11,0647208611644 NA -41,4765252919548 -55,599129312005
51,5620920816606 61,4099669959839 69,314191389986 -5,68554690522134 -13,7899034594031 NA
31,5859759401985 46,535949508143 56,0314308098684 -4,40586084932845 -19,0114215421228 NA
47,8500711860899 NA 10,9796968416543 -12,9936046144896 NA -29,7337702424331
8,02906216791431 30,8306812888029 71,0311586384794 -2,3552907990696 -10,2044763350254 -21,5690184402608
-36,4354775145313 16,2093977896755 NA -21,0553037837105 -28,4255665490269 -33,5915163474892
14,5846489975741 10,2979315337872 41,5306539049383 -6,20551956672262 -7,68536219721405 -16,8563295382814
36,7236622763418 38,5129254050367 NA -6,01126597013773 -9,55695295140042 -19,490801412408
-45,4173115793006 NA 3,31461185157303 NA -28,8457692699742 NA
-43,8690117796705 -14,0553294884515 -36,6183533367888 -17,5013791629726 -25,2296470872087 NA
63,1568524821191 38,4718154621437 43,3046200470296 NA -1,27976594720667 -6,440170583964
NA 50,6517485045963 23,7628526391991 -11,685065871636 -14,3347124655219 -21,7332046529608
28,6069313728489 3,29132573546228 37,0947379064265 NA -26,2485765894016 -37,5338908474063
-30,0623861982895 -0,720817118259358 8,37117415519043 -15,320167917809 -26,5166013380194 -35,2585659755421
-44,356057041427 -9,88423374325428 -5,06159424066142 -16,4864588557499 NA -38,3551944114514
-23,826832754242 NA 20,8008832372883 -12,0988343105551 -35,7820106032731 -49,1761252233749
-24,1087378194168 -24,6695965625524 11,0652242978632 -8,18810737911455 -6,22843501995214 -14,2612760365756
50,2454814943236 57,3524401925705 NA -10,4374743493173 -23,2764598743585 -33,5331381462617
-36,3044555439738 NA 20,59093174294 -7,30963102671049 NA -9,2999054382595
7,63328834175759 3,88548816012385 24,1848302237919 -9,91780438351321 NA -23,0164357325375
-59,2029005100232 -50,1564408419966 NA -12,0499808962784 -30,9101682456607 -43,2193542336598
NA -49,1247547116272 27,9325387227709 NA -0,532524757372759 -9,19585639241846
-46,7323535681706 -20,3316911604026 -11,8463070376413 -13,4735113072019 -16,7009732763435 -24,3266242548825
-24,01039860465 -1,97608980966101 30,1755733110381 -9,27643238843324 -18,5403748652703 -28,8132463628305
46,9827014990487 47,3464267601367 59,6077061652854 -4,78285949926299 -4,85786556846827 -13,6844445126385
9,84647202468198 37,735082344755 7,96462417280741 -16,4047366981036 -24,3703462009113 NA
NA -10,5032608105441 -15,4051561930227 -16,3615715864044 -29,4726374126339 -38,4428827939502
NA 61,3996218842944 76,0593901587776 0,545169609805331 11,54286855046 NA
NA 79,5186836519783 81,663528200943 -5,57027747764169 -9,33211521261602 -18,2267495108953
-48,3400751507888 -17,6765385940327 -8,07848744166645 -13,3266048063887 -29,0796530495666 -40,3850988945024
-18,3604788554849 10,7789642650121 21,8797547093432 -13,3489669747066 -18,3041628022972 -25,9588876054631
0,050625950597631 29,0049023356178 -19,6192422922937 NA NA -44,9882088780262
22,7297943735397 39,7418148479661 59,2577369717524 -7,34496223984941 -22,2768521336926 -33,5646017731093
-67,7223801918419 -50,3021845070509 32,6954148423849 -6,26460341879299 NA NA
-0,710150455064786 29,0166055274029 13,6918717688449 -15,1043746485239 -23,6731980308846 -30,8096814875738
21,8615143992975 9,72861805514666 NA -8,61231533856673 -18,8772995090971 -29,5860860431923
28,2076471165993 20,0825354242036 25,2311766679973 -11,4602500547339 -35,4884807419734 -48,9863002738708
-37,8768418778237 NA -15,1621941581872 -15,0227436050923 -20,5229513524575 -28,4253878944368
-15,1596509567772 18,6428668395164 13,2847283671506 -15,8743293530528 -34,2578743468103 -44,4668849651592
-7,97591865909847 -4,69300718771237 NA NA -14,579584887763 NA
-24,708549858978 -28,4718077554176 28,1238131017172 -8,37078266248267 -19,3295832231327 -31,19260844686
10,3759437828703 -17,5782962119508 43,7932384633 -1,31363890845799 -8,96092341733564 -21,9179941482121
-24,4346909353885 -4,76988784063251 8,57688935386768 -15,2440840426498 -22,1424927849271 -30,014945766996
13,423710217572 26,7826168011901 11,081722938438 -9,85129441783897 -8,05926038269562 -15,1480992160986
7,2009366595445 12,2345801973639 39,1023684857059 -7,11407850502531 -21,5505263480106 -34,046648774028
2,49900801772995 -1,89486965208838 45,0223289218776 -5,04372553567486 -4,6829610993469 -13,8995645447147
47,4844512009624 65,9204292016963 41,4516032750858 NA -6,61460454888181 -13,2577238660915
65,9885823953458 58,6540353495053 NA -14,0825467741813 NA -44,2481270428518
-1,28824694976183 -10,1482005018884 72,7458879322324 NA -7,05329278557493 -20,7613451991844
-22,3274270635685 NA 9,88212627466082 -15,6416951824047 -31,8939657413558 -41,605148054014
81,3430443647357 53,8651100565942 81,9224559068542 -0,814346862824729 6,44161577947348 -0,927772957820846
15,6133316474726 20,3932490734458 41,2662211515752 -9,96025682443741 -22,9813247322726 -32,9602017242552
51,2869941988822 41,3689606623189 NA -6,61961417671323 -14,3617680286306 -25,721185850812
78,8854690618104 75,6649054496992 70,9857596615987 -7,31683463782881 -30,6276463602136 -44,782740386905
5,26708381251682 11,3401349687239 31,4542281121297 -11,0635141446113 -35,5380924189185 -49,4551024542276
-1,6359412600923 27,2163433607804 47,1912488518386 NA -22,6489850897861 -33,3500617995926
NA 7,26846378155862 38,4084573838405 -5,4132310236084 -1,32835694744199 -9,03246260829598
-80,2582789804996 NA NA -17,4139764446123 -37,8414267859451 -49,1803949103588
NA 23,9893356424561 32,6143222115453 -10,328092416715 -15,066979446205 -23,7116821727248
20,8362871857775 35,4881822800661 50,6500951704862 -10,6397672726713 -19,5841545911139 -28,266013825908
NA 29,8947559202029 13,5103065075373 NA -21,7999985214732 -30,1060020690793
-0,26242798916542 22,7038332310398 12,9438091421347 -11,1774241012648 -25,5404702423054 -35,8986730770153
NA -5,91448454490353 -11,9233401220232 NA -29,4925572963277 -37,0687945350303
-64,8086447639171 -35,7379454513831 -33,1303011260479 -20,0023747482003 -35,4031615476542 -44,6689152626097
NA NA NA -9,2115554213487 -20,0524582605944 -30,6950129631931
85,3639854160127 73,7154798842929 NA 0,0182045205599959 -11,9545440695143 -25,2089740339937
-20,111875222175 6,62305937499226 14,2221382815472 -12,3043393442876 -24,1978805838917 NA
47,1585091489784 NA 32,0400527525746 -6,13695570326347 -4,41891288886136 -12,8846591053101
52,6235445609105 28,3858053810651 33,7618254924236 -11,2701885735528 -27,4960300074616 NA
60,2578997628201 49,6000078421376 NA -3,96444965816957 -12,5781275513365 -24,4632864737625
NA 35,9281476259643 54,392377488323 -4,74120735806015 -19,1393854996938 -31,2437313281321
-24,918275074558 NA -14,0905746458897 -17,8754862366528 -34,4215027146381 NA
-45,1136492761213 -21,8158609479371 -0,424810302771299 -12,3420374042177 -20,9621607207243 NA
NA -23,7421972512345 35,5334402165169 -3,63339687200273 -14,0047488036491 -26,8438792780443
-17,7323162543396 8,54957497867874 6,69323531257903 -15,7489661639188 -27,3316767752307 -34,9858172283205
13,8809182641758 NA 60,8141059232931 -5,77664522295068 -15,9531813024975 -26,7671684575778
-53,7390278911899 -11,7914903182138 -22,1759089148823 -19,0931888998805 -30,3689998486148 -37,3515049339309
NA 47,4432814209909 57,3481811980734 -5,12853390732569 -7,54945688765992 NA
-6,97775872419782 8,29540727377505 25,7131544249996 -11,1434886386659 -19,6773974944921 -28,7305791107619
62,3703414607806 53,2023396316875 NA -7,2039912744071 -22,0954785991555 -34,1724410078241
-33,8228751915098 -14,0215186784494 16,0892827658874 -13,7230834009189 NA -36,6172242459912
-26,8723886230548 -13,2241486202326 24,1174161511513 NA -21,8370576360819 -32,6549498616362
-33,4485131401739 20,5631618062184 -32,539497109146 -22,7941341030813 -41,2160041092898 NA
-40,4018006399672 -30,6931373541888 -2,45292910986027 NA -22,0829773071401 -30,3023613297033
30,988586269911 39,7594599751229 24,578587018997 -14,4541226272314 -32,2005535668628 -42,8601271992259
40,9096868113021 49,7923025954215 48,896468555781 -11,7877885130066 -34,5154453063599 -48,1626523766443
0,4545503490406 12,6840296224977 NA -7,5357264509118 -22,2389304159485 -34,5707349863095
18,3733614412641 NA 34,9335778147216 -8,41857784870704 -28,990756411224 -42,0669304106817
-5,13122435611886 -0,847695593483547 -5,94397442131476 NA -16,4657020376627 NA
66,6287441298391 82,3313400383624 NA NA NA -45,4282921535566
49,1022879152773 50,4791308064688 57,6928218433625 -7,07200524900937 NA -42,6120955806133
0,472092165154775 6,37010634166807 -2,93747128441819 -17,0305907364582 -20,5178600381281 NA
3,72031648621708 31,6186669142223 NA NA -23,7663555544575 -35,6215020853503
-15,7676858972115 25,6860495817675 26,7067352384728 -12,5917081882767 -29,2514281601089 -40,1873788325306
-41,240039790419 -19,9161354845216 16,1245994632202 -9,36733152028425 NA NA
NA 48,289145389941 75,7986486578054 NA -6,95179294012694 -18,05846120395
-6,81276791804644 14,3369725241893 NA -16,6526704264974 NA -29,360590158864
80,3211083797458 77,4263034089796 84,1725663773814 -2,86323569282422 NA NA
-4,96953075596837 20,5879504792182 -8,36958635027989 -16,7887802255415 NA -42,1861212275328
-24,4854309952962 NA -0,584827315124418 NA -38,407176174734 NA
NA 52,4465844719201 46,6502812482862 -9,92072009012679 -14,2373774976082 NA
NA 11,6648145828915 -9,38242725774077 -12,9616121457647 -17,7895837166701 NA
25,163042758204 NA 28,6416105924144 -9,07557440561638 -18,4229282550123 -28,7146661462271
0,313960692817179 37,1988049664473 -10,8526474639829 -19,8120653438032 -37,6303879387999 -46,9165799390888
11,9385590556577 28,6716650284966 30,2171519165157 -12,9282218067329 -31,7144130170221 -43,1634697097987
-28,190225049124 -11,9556352450443 8,78242932326807 -10,5757471038922 -22,56581594593 -33,0426736890295
20,0516724632976 46,9164085405931 32,4822648266869 -13,3211570126377 -18,9161142105369 -25,8727001207772
-23,5943233559928 -3,33042344319065 40,493923185478 -8,12089186438385 NA -46,8127020545395
32,8457344975186 16,4362218504792 69,1541306230334 -3,3520354746919 -16,7802203922912 -29,9401522484824
18,5568090703855 29,945896673752 23,8462022147372 NA -28,2295927957975 NA
-24,3388024703137 -12,6081660418378 27,6132715424586 -10,5621855976266 -18,257166372422 -27,0314181768414
7,43853289256212 -6,52315988294792 38,486979505041 NA -9,83210863372232 -20,2536768829498
32,7275284333756 24,9378616371144 63,3937872649578 NA -4,14017005724527 -13,1705153751051
66,6056010340666 45,2834685465926 60,8948002732702 -3,07257141089935 NA -27,6564915987169
NA 2,48864122239226 20,6222859431385 NA NA NA
NA NA 57,2225957727625 -3,92242595041399 -3,81487927119787 -13,0766716706782
-45,318063375025 NA 32,5537772754113 -7,60597476395175 -19,6288986444636 -31,5467856457788
-13,3807256401601 -1,82478907971295 2,12681887932404 -8,0243701649897 -12,5969085085591 -21,0177374234032
40,0565000404666 46,8896290146936 NA -5,39125184567328 -11,8212040526184 -22,5770098343505
-4,64920416803422 3,57299335542802 57,3130496282235 -6,44033965774421 -21,8465245237506 -35,0971279230835
60,593514592614 30,5338983968506 102,947048007548 NA -0,767786480354861 -14,1090085159783
-8,74330619331408 -15,1295862367339 8,80183763531187 -12,0821257433806 -16,0298707726112 -24,508422190295
69,2069000731068 59,071127119565 80,3868981957366 NA -9,94303458838747 NA
NA 67,6098871974247 58,1296438462693 -6,15550272524435 -3,99710429050011 NA
-1,54725513193852 NA 45,4349458526402 NA NA NA
43,7787140869558 15,238531399107 59,1820304708087 -5,12539827480855 -19,0616362824661 -32,4043879827939
36,9202454354914 30,5438076381737 NA -4,17833165286425 NA -20,5168069245343
NA 27,6792073743715 6,37031285670159 -10,6546351282761 2,52647060506986 -0,657042076122863
-16,7625797217588 4,76481934333103 31,8726826869799 NA -30,5325773396497 -40,1246285250434
44,7215014020011 53,1477058699215 45,7049476135579 -12,4858077093192 -38,9890357273833 -52,2252175057413
53,0193574146419 61,6476565420361 55,5504748365356 -7,60188063456995 -11,9540638716798 -20,4957711530458
38,4219372658412 47,0622191507095 61,8725446274847 -6,97524311416776 NA -39,010654617353
75,086127695902 NA 57,8736103716622 -7,08064250042543 -12,7900428144201 -21,7626383622541
NA 15,5605341041936 33,0223532772115 -11,336064018621 -38,6101089788673 -53,6001578753728
94,7487095672597 NA 81,4314848802672 -2,10320803551063 NA -22,468448228923
-10,787737616267 NA 47,1441561611187 -5,73532671687767 -7,08758400312113 -16,9149593063069
37,6570081917817 NA NA -2,69095231597103 -7,64357256243259 -19,3984168299151
19,482363609535 35,5375682992863 38,7095294718803 -6,79439851645423 -4,59232372487576 NA
NA 49,0123237967876 NA -3,89513039265905 -32,8318290525197 -50,43737075944
57,6671247007458 35,4374981401732 NA -1,28663451712408 -8,94050624973025 -21,1652770954057
NA 24,3365050314484 -6,0769227567206 -13,8663290597307 -8,60909992712071 -12,3951186558326
-35,1763150892267 -8,80168967358794 10,0080226692358 -12,1243141595326 -24,7252555217499 -35,2631510374337
49,3524530843898 NA 52,7917277498573 -8,37652297798359 NA -30,2940654958443
11,3758559076879 19,7766842042469 34,4619813126148 -6,6304499510515 -13,2779207012671 -23,0443189236225
-24,8233535516791 20,0037285330762 -4,1354823060135 NA NA NA
10,4992213101256 2,21163264544146 31,9418013844174 NA -20,5701137525103 -32,7544174271049
63,201028417677 53,4866026891817 74,3960210833239 -2,76115328544031 -18,9077310228526 -33,2014270317409
-25,9113580247082 -33,6343438705418 55,7872682872971 -7,06782106460544 -27,804698659543 -42,9895800505832
13,4154677561617 10,1011761744759 28,3655523331111 -6,0458594380587 -4,06278574028497 NA
9,98136260282043 21,2770053724837 11,7866727086177 -13,4087821399111 -21,7122403978006 -30,4547679403975
-42,6128359369972 -31,2200164208922 30,2298099355195 -11,7329534523532 -31,4168580782401 -44,6880785590178
0,751079525078522 21,3344987665333 33,4200482287298 NA -17,6611302890379 -27,5406287928109
48,9495809068057 41,3193476713354 47,8007004534765 -7,20376065726081 -17,8558978133948 -29,2240430200869
48,6636819343201 53,8725092871962 56,6143006150554 NA -6,39272487084944 -14,4446951565183
37,5472420703792 35,0032470263864 57,3774392496365 -2,55569153845639 -3,77943864735006 -13,733304579884
-11,1466117049063 -9,92546059577227 26,5464594351176 -10,1192685719171 -16,0521536868293 -25,1336764503113
115,940879653735 109,486133459891 NA -2,99874240584602 -11,5534003675244 -22,6813407485386
-67,8876240101243 -30,7263807258112 NA -27,1411739026037 -49,2474127304758 -58,0132390053853
NA 58,6592871169046 24,73671266013 -12,6046285265912 -11,281937561431 -17,4770407779791
43,0356558107454 49,8647514044637 41,4706977777202 -9,81774944172964 NA -21,7159348875496
26,1004110346405 15,2875832612253 48,4878041303976 -4,40177893468412 NA -17,1533245929428
48,2207999851432 64,5036344732399 40,2460588254859 NA -17,3771623659433 -26,1631392357345
35,161001179829 31,1822168706655 61,6141872464973 -7,55327106411489 -25,3146426905926 -38,5599324143855
0,533476983868695 18,2328278075201 4,4527628910174 NA -21,9671381860283 -29,8217768511158
NA -8,13672747728331 -20,1154085948537 -18,2135346072201 -18,1374632506125 -22,5248004353995
-17,8270754559142 -33,6058681809049 28,3155284839623 -10,0211176044012 -19,692479197533 -30,8380452269098
-49,8099952420025 -40,5970888026734 NA NA -21,9566485055384 NA
46,2963336886941 37,260717941576 25,1216789352902 -12,3645621684644 NA -36,099161314621
-35,2842816811477 16,3450960525881 26,9607482672403 -14,8382327260667 -25,9555811631868 -34,1340889757799
24,4051443063281 54,8469233204671 1,49854304958489 -16,0446164452035 -28,4973784852343 -36,6851384736022
-63,5793836664687 NA 46,2981339800464 -7,37259894338192 NA -28,3606062249723
NA 46,5373047819997 34,2461828670592 NA -28,9610824979519 -41,4563996419642
-86,5151556382604 NA NA -18,0113523753064 -36,5680565946565 -47,7816767084027
NA 12,1005460322667 46,3096057176465 NA -15,1219539698802 -25,5729791227021
-10,2327343225916 0,821234578593018 33,2386582200182 -10,0469790266934 -25,7323203705367 -37,9014309589019
NA 27,2343433716168 8,65153584461547 -15,9337246254097 -42,6080434309697 -55,6659035870871
NA 27,4637602335704 NA -10,0896997320568 -26,4734334158086 -38,3392070608407
47,9337872841187 29,8168357191906 75,2298371273709 -1,84748843795494 -14,9498176315538 NA
14,2616324568901 24,8360938381624 -1,52470255741318 -16,135005455758 -26,8804950233226 -35,3288635898681
-4,75661314071232 NA NA -10,1645729119496 -12,2766643359225 -20,1046993194922
24,3662665074481 26,8977739045079 68,1043906281889 -4,72266657534551 -14,7313232372735 -26,4781088409371
1,41624142743798 23,1911148809203 NA -14,1057008981239 NA -55,6619063597698
-1,49091332367052 -8,28530045545867 2,11905300932824 -12,2422986989734 -12,1921910599173 -18,6050568007681
33,5882164568223 34,4626355753675 NA -7,08688434156791 NA -18,7089739887377
NA 29,8732860591021 28,4217678610229 NA NA -21,9790953130566
NA 13,3471131072004 7,99758994131831 -14,8574041993453 -22,3477736296358 NA
41,6594909757598 30,0339382678497 75,2720408092033 0,670012266237022 -2,99965147097719 NA
-24,4520467415288 4,41434710210103 NA -20,0468162550986 -31,972009453352 -39,3356385310104
NA 55,0556018064427 26,8888960046502 -9,10769018894356 -10,630405592192 -18,8165318265872
-49,9956357952686 -48,333520494852 31,0863156843884 NA NA -2,95733239852522
46,4213180050842 29,8843027996607 47,1536795343366 -3,91621352175732 -13,9825913290857 -26,533342592333
-17,6726560766314 12,3639245803323 -7,04172447901827 -14,4054678054194 NA -43,7599194664692
-4,01703539777453 -1,77291024887624 3,24125079396173 -11,7782341455141 -18,2914107898576 NA
-62,7053884433 -7,50145969542634 -57,6967149641076 -28,9732435294211 -36,4347925620406 -40,1281311871644
6,86254237326729 29,4973302656073 55,7251734546189 -4,49824580026916 -12,2981979189998 NA
NA -23,1353475954601 -11,319693993698 -16,885695617533 NA NA
12,6649803915688 13,0062304617353 44,3105563268188 -5,22609489830317 -17,2060017204963 -29,3617566919042
-7,36043656143691 18,7468799981815 -1,69158985447246 -13,7124962156779 -26,3415393580382 -36,3030305011657
-34,7427561785921 -1,53046173729671 NA NA -24,3777991065672 -32,0077318546354
-0,654018624302681 15,2089286801025 16,625391402167 -16,2459987280079 -26,1559168821474 -34,0617065710817
-52,8697781220739 -30,5882006523934 3,06654948083985 -9,51093571588396 -23,4276905336857 -35,0712778153768
-10,9514280182775 17,62550952146 -2,76685021641927 -14,5780629079218 -13,2376650968057 -17,9597244943844
13,1914884566654 4,86253969405296 46,3076054408651 -4,80577865220029 -11,0204146411719 -21,800965646648
13,9787518854947 32,9342390439606 10,7198501712787 -13,4861169142184 -17,2088122514266 -24,3710487636639
27,8340590744858 23,2414458001254 NA -9,98638405564119 -28,5124168227445 NA
53,375319077309 NA 89,3844242963078 -1,78325710968566 -13,3636064949513 -26,5894629652167
-23,5574651267721 17,7584811812739 -24,2977536533032 -22,8934205507097 -45,3979112063647 NA
-19,6232582657461 -3,68329259444669 0,897285607368499 -13,1210535299224 -19,0106481526904 -26,4003594514827
5,56232188139277 16,016472190142 37,8021634286497 -13,0941851735867 -35,738759230991 -48,600040777989
NA 11,2949879818703 -4,01078851199298 -16,4238275507309 -33,6781528252179 -43,8694841566619
21,2939325835974 25,1193975525472 27,2954767341157 -8,24823713421867 -16,7843499802639 -26,5403450974065
27,1984055382416 42,5030486447888 48,6838035334893 -7,33271510142689 -22,7766424886298 -35,0708003801574
28,5352448282836 17,1219757000185 36,3435880901011 -10,0736210882962 -18,0229025716726 -26,8792697537139
-19,1029153043408 -9,78782856659707 29,2213512603357 -9,56964246495531 -20,4792760074196 -31,3443099723409
63,5537269564859 37,8782238567874 56,5474488291956 -4,9616260672039 -20,9709959674493 -34,4045614119546
23,6959993831849 7,61557759212626 36,2785788004869 -3,46752548892993 -7,68049240096634 -18,4284719945667
-34,4360517590235 NA 9,38810308829932 -10,2571925828282 -12,9524357269606 -20,6634055245972
-27,5555420084418 NA 26,9771151266248 NA NA -22,3961077813547
35,8581129188377 36,6130544652629 52,914370886172 -6,44807871222156 -13,7244883548088 -24,7450622079221
10,8526226920834 36,9098020119149 25,0934242432891 -12,0023489745349 NA NA
12,724719082581 16,8878616549779 49,2755017214207 NA -18,3896649267442 NA
NA 48,8852669913497 33,8935505543402 NA -38,7717240994405 -51,9560703509778
2,07590333930086 18,2234089463275 43,3024790494377 -8,33624944093099 -9,4599358294438 -16,7729868217744
39,3829568883354 32,2687885536574 102,403029051467 1,70574713414767 -6,68827618356069 -19,4751382589624
0,341595282703739 2,52967480705529 NA 0,778061408031931 5,92320854280387 -4,23464553257314
8,55993341068745 -2,63748954023079 82,5912320107828 1,72060501445206 -4,17092089519061 -16,7696381985451
39,3483136816667 53,1623906684418 2,70393354126052 -13,9946248305748 -13,038460150416 NA
17,2462169490078 3,13689997017163 NA -2,41532776611363 -12,9986897198865 NA
NA 48,5070440659736 44,8300349782255 -8,7176517445768 -6,19830155684892 -11,9776484422067
21,359886645064 34,2715784373636 NA -9,1123105946919 -28,0934210508812 NA
NA NA NA -6,53663602504237 NA -25,1062599962643
-49,6021394000145 8,33230778792892 10,6485359804165 NA -32,5180210644289 -41,8511071120961
NA NA 9,33080794870083 -8,56824025015898 -15,4988029986518 NA
-10,4271393630077 NA 38,2395830101175 NA NA -37,0562246907352
39,4901129322302 NA 48,6997715177077 -13,4637707894501 -26,5189402893667 -35,2518768258186
NA 55,4490238163166 -2,58236042282707 -17,7165595991347 -26,2449240250755 NA
6,83410843404522 NA 51,9514948031853 -6,72979178140659 -17,5246568857716 -29,5807990195386
1,12369797166885 7,92979601103287 -3,73418844456726 -15,9605111984117 -29,9454636657778 -39,6426511870566
-18,0686851293555 -30,1841537775118 41,5328594436268 -5,80512480615541 -13,2291515859884 -23,914244559546
-7,83150201549438 -10,390049329851 34,4025388953594 -8,33519241703993 -18,3609225680598 -29,1647959178685
20,8282215038005 NA NA 3,22067151897524 -0,759545672886819 NA
45,2547436878503 50,5357678984194 49,6755649400573 -9,60533363738109 NA NA
-10,4907653330555 13,3484666402602 51,7907406451855 NA -9,24878393476402 NA
44,2701388375739 62,9157170204939 20,6598707491026 -11,5064640971184 -21,3900024933943 -30,0230369835384
-13,188945050884 -15,0107503195764 2,64991116290696 -12,7383558594726 -19,8650822907769 -27,9242541422386
-8,95978989264538 12,8909393443136 31,8543429786328 -11,1963747939395 -26,6584359536696 -37,5687556557204
NA -5,20582118917409 77,5919803844208 -4,04005418613378 -22,2259248367227 -36,6964139057381
-25,3056452218317 NA -13,265836929697 -15,4327513858235 -23,9126591500161 -32,5651186809143
-46,3678632786805 -14,5423468044021 33,7936902053166 -7,35533852205678 -11,3792349120347 -20,3775630267516
64,8988560253257 59,7905867756841 59,6207487661577 -7,73434391756378 NA -35,0454564124632
78,3955208567515 NA NA -10,2005305723376 -18,9113773993494 -27,476319626658
15,2882320523662 NA NA -3,91233365772652 -10,0582387087136 -20,9851494531217
-17,6109906521584 -8,60474574248798 NA -9,94581893434416 NA -32,6521700245443
-4,52991811564358 -17,8462716556865 51,3332208166072 NA -6,55368400094394 -17,0506061085989
22,2281272517979 29,430624567444 NA NA -5,29662946219938 -12,3703570871458
7,07647749523279 21,2025019807186 NA -6,72805848542298 -14,6573537008737 NA
52,1330210112429 59,8585529991387 51,9922469136577 NA -17,6232593321316 NA
-26,3696450706837 NA -16,3967360756727 -20,6122418703704 -31,4746716963264 -38,4414465919355
34,4192020564868 39,9502963380502 50,0506216291123 -5,78908600585292 -6,66329544972035 -14,7958489419682
18,4209400733385 32,61909929162 NA NA -20,4564863141743 -27,9444535253319
-11,0502418607699 5,10638518646735 11,5902985085182 -13,0201314565044 NA -29,2294831341028
6,61117578312594 35,7469613148092 -6,31677502315824 NA -27,7273891568824 -34,7451451341232
47,0176846941339 41,0217545411678 35,5346186525959 -9,34127826782259 NA NA
89,2337226615377 86,999719162591 62,930344645664 -6,71309486866956 -5,4901264241525 -12,9394906910763
49,8983455389629 39,9094935492298 58,8286043658742 -7,12083241898603 -17,346837581345 -28,7105454882862
-16,1853907634776 NA NA -15,5441385506887 -44,2870394929559 -58,5194349634728
31,9249081103333 20,9759956049533 29,1186012669721 -11,866875446732 NA -19,2407361324257
-16,0185718851343 26,9100406753334 8,99316725257893 -14,0905434598195 -24,5644493325364 -33,2901729704459
-40,7685751162614 -28,4650947827141 NA -6,57261840354578 -12,8266472859054 -23,1846300728604
NA 14,3717977152089 -7,10236524822113 -17,0359968321064 -36,5148127959131 -46,5789582283401
60,6345619500743 65,9981810877233 NA NA -20,2311242450722 -28,7100745812112
2,40717081619438 28,564758454461 31,6340804490026 -9,36178783432659 -18,6068998449498 -27,4922680828405
NA 34,6821687502026 34,8221578951684 -9,55789928328262 -10,5765798462353 -17,9533965452463
-6,13392616843897 26,9368046897628 28,8121000743363 -15,1819751078669 -32,5814327798674 -42,4450776812627
-25,2266419407482 -23,0338082874044 21,903224488373 -13,4518915522739 -32,2826919203054 -44,1179809338991
-51,3435691902704 -41,2520093505155 -6,19614633390662 -11,7499870681665 -28,8354571157461 -41,3745760743196
NA 40,0464516706038 NA -7,59714800455983 -19,5324623828207 -30,0806079515001
-8,24822859751509 NA NA -9,3176229634979 -35,0174026183592 -49,6360241430711
-42,3478849832466 -9,45403161555899 -16,3582164731849 -15,9799545407956 -14,5316888366452 -19,5390574516435
86,3887931476529 85,2490352236582 80,4499941065301 -6,49124067651092 NA -26,7687676603288
47,4563719454889 66,7798532148965 36,5639339429445 -11,6217209748522 -25,1743156164427 -34,9744922383495
-11,7494131739728 8,14798454466704 59,8091050525957 NA -13,7226744312306 -25,3708539405219
48,6898143271584 NA 16,9696995178338 -14,7681667282498 -26,9034128988721 -35,9704907571216
-21,879469075704 NA NA -8,51965853511066 -17,9218101747165 NA
-14,6285064990156 4,83457531714504 32,3922962680477 -6,88369437144235 -10,6839102080504 -19,9579955394778
48,3072593328587 66,0548216329129 32,6062534355386 -10,3360468893548 -24,8648518523564 -35,0749228172805
29,5121826514447 NA 44,7588354378928 -8,50917939848831 -28,250473685767 -41,9051315845809
12,4866659081773 24,2655250357216 4,75226969430074 NA NA -40,0724741922769
102,726201291402 79,5928837092439 62,4445491570774 NA -7,536732660489 -16,4332733616317
32,585486323747 34,9401826534636 33,8241015655457 -10,795312022062 -10,9619188145127 -18,2503704400174
2,2375846163217 40,0891798477056 31,8000364870786 NA -33,9393726347487 NA
15,877559062399 23,6538878120554 3,6865333771776 -16,3462710550793 -26,7313265636935 -35,0385590249737
NA 96,9668744168388 58,2188847366063 -10,7671363846091 -26,0999008550273 -36,1926751737345
21,6557872920894 21,5428991867255 59,0210816326966 -5,57442185321126 -13,8857269154192 NA
-49,2955454117252 -41,9533758985338 -5,52262632466035 -13,8057416976729 -15,7123877224539 -22,7808374202989
17,8349970175979 14,7019402652355 53,1151987132198 -4,43447807509455 -8,89296487636867 -19,4666144210704
NA 86,4451868007218 47,9766186898293 -13,1729227283356 -19,3301472236012 -26,3012768509855
72,7784355973759 54,4161371190702 NA -1,07978716977525 NA -9,75530901009769
46,0564832304549 NA 22,9726376128215 -13,2067975528086 -22,2968484528324 -30,6305706494007
36,544094882591 38,0367504776379 56,2840437982749 -6,02764222796439 -16,2398621422419 -28,0041052691368
63,9254116815325 53,2214418147649 56,9900160664421 -4,88041521311547 -11,0852678302131 NA
-8,47080490147003 NA -8,45261247783685 -15,3611259353764 -34,1508221137266 NA
49,0993571840392 NA NA -7,17627329084506 NA -15,9495403738357
-11,0802145468547 19,1755411031792 -7,4255406816645 -14,009559360125 -20,4761389706535 NA
NA NA NA -6,57350950226797 -18,8909788160822 -30,8776331714282
-46,0716603210832 -33,8744061649497 7,77008650700878 -12,3522108593194 -22,9186823041083 -32,8774346155633
11,6689901297773 42,0217851605723 NA -16,5061698123895 -33,6591300593827 -43,5204832594249
62,0469649211012 21,9059162967865 NA NA 8,06891484653835 -1,82265773755899
-13,1398266416806 13,4358797272608 16,4260122569673 -12,9939992673226 -19,5867869578487 -26,8978022426109
15,0489735774321 40,0230105440217 -5,16042187815191 -19,1581567794621 -44,4611128540404 -56,3559879989659
51,4604991305217 58,8473081451686 37,1454996662316 -10,533753794694 -16,7691888224367 -24,9807082614183
NA NA 35,5904264096529 -9,76349382889735 -31,8142681432936 -45,1370212705473
-5,6028977657905 6,53580430847779 NA -6,4095093462837 NA -21,5963211349867
67,1773572450491 76,6849671475201 35,3289691681898 -8,86994629952583 -14,6151832440554 NA
-7,83220485973877 1,29318562644086 25,2771063057639 -9,09822429933083 -16,9095932766118 -26,6647593326153
-43,1300833085076 -3,5108281427964 -12,435239829552 -13,4525581486225 -18,9499840432569 -26,5070443588947
49,1856741260562 68,2814145227042 99,1954466441337 0,129630670204566 -15,8684549850756 -30,3481615394964
13,7606459684906 41,3281262476356 37,4397189549379 -10,5070524274621 -18,7860847588833 -28,1527738358822
26,7803303542631 64,693525301205 12,9861189935286 -13,1522185868633 NA -32,2648114230896
-12,0681875892107 16,0594140875184 -13,9022978239675 NA -47,5065217869051 -59,2265883876563
NA 46,6359432597077 NA -7,77109943155024 -24,3058941587609 -36,1679195201798
NA 26,1877522961127 24,6451933734051 -14,5028505552466 NA -35,5805170379384
61,2276274437273 53,8759460704627 NA -5,85067946940249 -7,10997393001394 NA
-17,8780599906393 16,026919868854 16,2507189847176 NA -17,0572138936495 -24,1017096334117
-13,7065183808463 6,85634613088926 9,8871679072732 -14,7731721762394 -22,3325230134869 -30,4208817823189
23,2733911685148 22,8857336178701 35,6409122252622 NA -15,4809245644697 -24,8758456963932
-23,2259463325248 -2,95086548031293 -15,6051857079511 -19,068011308509 -34,1133229894769 -41,9326070530682
97,6180990992365 NA 42,6655618284451 -10,330146968323 NA -42,9464923107642
NA -19,5505208766208 NA -13,0318073092624 -22,9595261505318 -32,5340893424583
17,7704457786844 29,1206665201099 32,5183610762234 -9,85262128485452 NA -35,8591861960933
2,0450085899697 5,68957658679976 NA NA -15,218421427094 NA
20,7122355299678 46,939767952052 12,1622423719419 -15,3601849696741 -32,170342872627 -42,4127406127826
0,08709991434411 30,9837284200611 NA -16,1228862693711 -36,9564397825795 -47,1255593984964
37,5494880693583 20,919484259595 38,0733896807562 -10,0974773062426 -6,1868802939814 -12,2659469852594
NA -19,0511698461102 30,4353135597322 -7,48248068480581 -16,2312319627604 -27,2942522289546
NA 95,5650577494878 28,2535158399344 -15,4709157827934 -28,9223380783696 -36,7129915716218
38,3073245202087 80,9905527991381 18,0195344160448 -15,9293266463766 -39,3950837774093 NA
22,3926271128606 NA 65,6106470318884 -4,73082283818177 -12,3884321499857 -23,4241100341532
-20,4850445909946 -1,15155324120288 20,1217283524564 -13,1819185543876 -22,5473333065316 -30,7652836598057
-13,6250360330412 -3,18055049740781 30,4900877251804 NA -22,609376626196 -33,3600862618487
42,6489893932655 59,9380448651662 37,3135099892059 -12,6853313936155 -26,8609783514317 -35,9258621954114
48,710890828926 18,8923936381195 NA NA 11,6555899226216 3,53570477633887
-71,2103127682773 -37,5586468501425 NA -13,1796541853692 -25,0847522405755 -35,0520818405447
16,4463355906009 27,7339137775531 42,6791669124206 NA -22,183618848493 -32,697993819486
NA -6,04500470495444 50,6631597735057 NA -7,76647440296281 NA
7,13049041592514 21,2685780248761 56,6236441046944 -4,30558157926994 -5,76997257636085 -15,1973804941146
NA 72,6727378313765 46,1142409928738 -7,00071763692715 NA -19,3019877323447
-20,0634135613932 27,5700436744521 0,485735343299723 -16,4170667050947 -29,8230667691693 -38,3686388032412
56,7481116481987 59,2589276682873 58,437415862687 -6,18410982023562 NA -21,9882820357369
16,486208208521 38,1404591654188 50,0104213889948 -10,2392140405387 -29,0843813685347 -41,3406183591111
-49,1066478159188 -30,9149918854826 NA NA -23,2191854675868 -34,6000034065908
NA 4,62985583181962 12,4672632396082 -12,4537411078872 -30,6005242171552 -41,5587264418418
27,0204168624585 47,3799407348734 21,7298357375776 -17,0304111362532 -28,9117833277938 -37,5218471758573
-12,2375934487171 4,40284764100134 14,1321170939516 -10,3635347062295 -13,2109311958236 -21,3869715414369
-1,1660770001097 -5,18418511516305 62,3401005390172 -6,15841326631525 -20,4211686649582 -32,9392580369907
47,6802789241304 36,8929001514623 NA -2,64150024843165 -13,9804438330438 -26,7253658199925
-45,4123096037482 6,20834830728155 -20,7823660243519 -21,1381454857961 -34,1284483553717 -41,6780318571961
1,26474644501811 1,81819713158625 -2,83572251098684 -14,4773353877208 -23,9709478431261 -32,4564389381182
-42,2721934008156 -30,8783613796096 -6,54364883794442 -17,0943862456312 NA -37,6342179337531
21,1148276586909 31,5623875904177 36,28155512574 -8,9873191681014 -22,3316003452298 -32,7983671698592
22,4938326320158 49,1454039851191 64,3023149206001 -6,80160793918009 -18,9908565348027 -29,4102873497548
-18,3519854935933 1,42835618840027 -12,7396938389309 NA -17,4856579010527 NA
-22,4430750434427 -17,0209643654085 32,9386378633676 -7,55076529888922 -5,17528908992739 -12,4557595777409
2,84169582756112 13,0235044889268 34,2074480138629 -6,12745843211279 -8,62231648520586 -18,7080176806563
-24,9674962603883 30,5748251680882 -21,5038407719973 NA -45,0340925986732 -55,1523289240236
-14,4107194116086 29,4728556069628 -12,8217048671805 -18,223628612051 NA -37,6654639188683
NA 48,3169415587187 11,500914138163 NA -33,0074592141989 -42,0300615349674
15,894624224369 -2,19020122371612 95,2270816591942 2,26516508687308 -3,57017213786346 -16,678820276959
16,5475301199032 NA 43,6038670321473 NA -21,1056561573944 -31,7383448491799
14,02804227868 27,9835388964157 NA -11,6336343286033 -28,3768515067416 -40,1998372415763
8,88241739827303 36,764675502647 26,9104434102938 -16,5318601219455 -35,8718004402447 NA
-17,0525354669384 13,1814515896807 -11,95892946763 -16,3592536881743 -26,8994181066535 -35,1358321349908
NA -0,113801713996615 36,481656286368 -11,8173022152173 -17,8525492402599 -25,6200442514567
NA NA 17,2813249358011 NA -12,9570765826353 -20,1465596410486
28,8209108303775 22,0765196564371 NA -2,5121757755204 -4,45590744504267 -14,8863160239012
3,48869262617865 28,020310644477 30,3091372182368 -12,8046047287458 NA -40,7306605910687
-18,1018460629776 -14,9038833479603 19,5044435547421 -12,7375726708562 -19,3716672484023 -27,607723261202
6,29169227938308 39,1541000022892 -2,22695702268986 -15,7069453613617 -13,3501067685747 -17,3092284290688
37,1355992807007 32,4393673781825 63,1982000113443 NA -8,81235426942543 -20,0603135370773
2,48645808136699 24,2169237772016 50,7387557620158 -5,071354452103 3,18862028310614 -2,48519106538024
NA 37,1128406684314 NA -13,6426915955067 -29,8230449619368 -39,7607714564068
-6,67916836565278 12,1138894804776 10,7705348601109 -12,0004577146419 -19,7367853287794 -27,893286389333
51,3587936263561 57,0473027237783 55,3066604763988 -7,77585588794021 -28,1394430140288 -41,3854669859114
-29,674488985237 -6,24432094456166 -0,425584951311713 NA -31,5731507153013 -40,8206362809078
-59,8100103346431 -22,0585387126696 NA NA -40,2262317442393 -48,8644997899473
-35,6490436891481 NA -5,03138013322857 -15,4949979420142 NA -33,1370287868004
NA NA 53,7835905782407 -6,54818652710605 -18,4546788256282 -28,9140989909594
-9,51906775191476 -23,6592203332189 73,696625431499 0,77865836402635 -16,1887686041184 -32,425872999787
-13,7039519590953 -0,289746114368274 16,8580829018284 NA -18,5587098594472 -30,1474101879727
-49,1804197085487 1,95045009281972 -1,59835172927169 -10,1423290972535 -10,0310106859871 -17,3625474910543
47,9245203764856 67,9888376909365 56,5652823730331 -7,98778247394495 -18,7550192787528 -28,9174462139536
25,5685955721669 27,5611353672512 44,166821819966 -8,75289905659832 -14,4329377866567 NA
35,7170375776982 28,1276253079169 69,4499577301471 -3,50844376772317 NA -26,5358117973826
NA -26,5141075495902 NA -14,2242709469878 -31,4973806578142 -42,8691741424522
27,3583583995222 26,9121270458273 61,289908582222 -2,93833810785097 -0,597034807401673 -9,97339287105594
-14,326191471223 3,92788327712654 1,889042052783 -15,879571895688 NA -30,7963039040864
15,9872788701887 -4,2736895017652 27,5355079668219 -7,37836175724055 -13,2078432414343 -23,7940566848943
35,7702149213532 NA 71,1816090940643 -2,83396390483654 -3,79890324716876 -13,2971106753653
NA NA -28,893131646886 -22,0923132839129 -34,5897678058419 -40,7309755976799
47,8547369707478 31,3558078479734 35,3948820504436 NA -15,0028779828822 -23,3179598561784
27,0616125777296 11,768609668655 73,3246221796906 -3,12473757629169 -5,52434211719196 -16,0741521234352
41,7200828083526 28,8370768007245 NA -6,32101835345933 -15,7958348831372 NA
NA 62,4423115512252 7,18398933889469 -14,9174398667548 -26,8720060566673 -34,6696570313765
-22,5378608137065 -4,03058547463739 -0,00458663089466782 -12,5169838916677 -30,1498067747193 NA
NA -4,44810111240692 10,8199773551618 -8,35423125448416 -7,31239551107352 -14,8826878706892
-15,6422289595133 22,1016026456406 10,9826937267134 NA -35,6827179251911 -48,8771540863019
4,8713614271523 NA 20,5090115709401 -16,4083458671331 -37,76083059823 -48,6974686153961
22,948195330632 15,9727656352894 59,7859529117816 NA -16,1421260164535 -29,4490664287109
-9,3130412103559 13,940650796174 11,9452645821014 -9,64423393413115 -20,4301988083407 -30,3686018807809
73,6742682613118 62,6490598954875 67,4541842764561 -5,2253905267348 -17,1047888430016 -29,9164798600908
-7,94074202407577 17,7481863497961 29,1371436113801 -10,1474071507944 -12,8709624588275 -20,8151011151684
24,8229558043112 37,1880751028045 47,1321850577024 NA NA -32,1600582059077
-42,8322644204861 -21,380798448783 -4,25355029149603 -13,4062653783685 -12,4213914389184 NA
4,50160958880284 NA 45,8844348123416 NA -16,2628384505896 -25,2049665151466
35,4238507167371 NA 38,798831283763 -6,73516529695878 NA -26,4612574461628
9,35462249591137 20,775315467996 NA -13,1927171314967 -20,2771236439054 -29,1177554192481
NA 4,42947540411427 -12,9258656203286 -18,3362665478112 NA -57,2128331780775
94,0522049264631 68,050498142666 80,4785804757891 -1,27631267974504 NA -22,0688678475862
21,9118522386707 21,9506086018626 NA -8,87259769125424 -13,4521199323711 -22,4191189577281
47,4273171889334 74,1092729976644 NA -14,2052509228844 -22,4473671574425 -29,7560395159705
2,18718837662055 -2,82192520791978 46,7266042378893 NA -20,1505308364696 -34,020051811818
28,8724434801951 28,7664258249951 49,188510629867 -4,61081965362068 0,850609084565065 NA
25,713809238856 NA 41,7946847408155 -5,01807724120481 -17,4050237564553 -29,9205052720566
5,8769765811757 21,7112350730544 NA NA NA -26,0854165540902
-24,4919628017529 NA 5,67503533276148 -11,3386627131227 -23,3623504638288 -33,594353925104
NA 5,91005290990932 9,48816166942747 -13,9375404475041 -27,9903374493974 -37,9399128553567
42,1779499256859 47,4271981142126 23,3318200403179 -16,007507744633 -31,1784953927025 -40,1763905669119
-24,303583330972 -9,60087371650076 2,6746403653373 -10,7877073665277 NA -39,2416283865797
38,4471653813697 42,4916346675655 39,2964337669336 -6,1770755604038 -25,638193622991 -39,8877675594757
44,1935226051556 28,3652005216478 79,0635040190033 -1,48321909625683 -9,14227108243495 -20,9026285303456
-16,8497239222337 14,9683560919959 -15,762573378613 -18,4305762155734 -36,0951418534062 -46,0234808330436
33,7588023578935 NA 40,3856890865711 -9,71860200792594 -26,4038440041206 -36,8757235605731
26,5508418207556 20,388660856413 NA NA -21,6929761101425 -34,0226364929104
-10,5900149323653 -11,4358171821971 NA -6,29266266933262 NA -25,3362648942636
NA 47,6885613617692 49,2292206393572 -6,93463731937719 -10,1611278727871 -18,5764127081952
11,4068322089951 NA 11,7758856907922 -15,1556513497266 NA NA
NA 35,9036764865518 50,1377620220515 -9,69372035856042 NA -32,2705839759299
-22,4826314742485 -21,8465751740818 20,3481966518838 -11,1107050086163 -28,3073322358167 -40,8256980600507
NA 31,2909585288473 38,1260226058841 -11,541607599826 -33,1780900966848 -45,7540363196578
NA -36,1281819712575 38,893750567062 -6,66571420342891 -4,14220559160616 -12,4791520061149
-1,72926790193143 14,0412806060235 38,3937519528887 -8,42224174544299 -23,7398804578673 -35,5747106360329
38,7261059208613 NA 43,7209552078949 NA NA -12,0349350844495
52,696033334219 49,0046534456512 55,1296075592338 -4,38742433785184 5,81147990933444 -0,153659538556752
-19,0329285309635 -16,0818126790073 11,982520856715 -10,4699585399689 -28,0369627753185 -41,2892841277971
NA -23,7873465167368 28,356211575497 -5,46195292425411 -6,31930435130482 -16,0029300175721
-41,6934036159208 NA 17,9078728443295 -10,0422485584654 -9,49328323435655 NA
NA 43,867162626014 32,4242455565215 -11,3166907366308 NA -35,5991405331901
-25,7085337469833 -2,42535902128233 10,1876035505365 -14,9467995837833 -29,888422162775 -40,0639188727492
11,4491323799968 10,4436745659698 22,1862918958203 -11,0825857121419 -18,8758427754304 -28,5414332458845
NA 29,2087163463564 58,4612717251435 NA -20,4688897965665 -32,4916154033
-4,98619669764778 16,3442510668847 NA -8,77179726940843 -23,8868240555683 -35,9797271227956
7,87721483034184 NA 32,9759163161198 NA -17,9308410754195 -28,6222246260832
84,047196691253 87,59342298274 77,9227884874304 -7,57760886121904 -29,7893932543672 -43,574659289822
53,0079881592708 33,5223024937731 60,7048605818144 -3,44606725186953 NA -36,9616087438628
NA 44,0805122802567 72,0484838988908 -3,14479431505563 -10,6301499569576 -21,5904869149965
-14,63597110229 NA 32,1863486718326 -5,21291329016402 -11,9386859315951 NA
31,6266643885496 33,4003322651086 13,4306134961293 -11,6314735980482 -28,9695762540055 NA
22,4305657904824 8,76230054508195 49,411765039354 -0,487504083556505 -2,94503522118396 -14,0799351192598
-49,7890575526443 -54,1133952825098 39,5972750693911 -3,76585066828119 2,41814587253435 -5,76513620505338
NA NA 52,5290294911939 -5,54963415569341 -9,42298645801115 -19,8076694841085
16,1388795407028 1,70941552154349 -5,47704741484615 NA -6,97636329684727 -10,5064757055576
-27,7632482125877 -2,71575548209608 3,2986154172313 -11,8340360531611 -23,0810136300843 -32,6363493731214
-14,1609218755667 14,1871656979154 28,5582618300208 -8,53229409300729 -16,0808693156608 -25,7464689431097
69,1113216710169 67,9986982971077 54,1870635003933 NA NA -27,6544684348479
-45,002579823724 NA -14,2469811474134 -15,0358530830501 -26,4920447049638 -35,3510837098421
46,8174157016732 29,483817501871 NA -8,50224882588626 -12,5624369443344 -22,2519948183936
-9,34382087749847 29,45856994693 NA -19,0683761849097 -35,4375320938726 -43,3149953345254
-50,1073688263742 -48,6438808817902 NA NA -14,9437640252097 -28,1826629533201
117,290845375118 90,655414591662 NA 2,32576926530948 -1,95469325026546 -13,5958274780088
24,5058879793845 38,3608998693085 NA -13,8828072924941 -35,8879158464005 NA
24,8924009333752 49,0311025884064 11,2884464925068 NA NA NA
36,2277420071817 28,4972094067516 74,6552703499005 -1,4817280520736 -16,6619956229966 -31,1364201042288
-23,125054573639 -1,66434521856106 -8,93243071674566 -15,2095156818484 -16,7410116936985 -23,1400554054935
-30,5655583449532 -14,8369344126518 15,466834580521 -9,9598633536003 -20,0850199247986 -30,9108073549929
-4,05986264502572 5,13129452243523 59,4779247655791 -3,64032517806923 -9,47170067675321 NA
15,2895955377305 NA 62,4696380584332 -7,26812710125379 -21,0293203385206 -32,0980191474275
37,3519037124282 27,3182368259662 94,8203883972684 1,68256309006623 -9,68803127185409 -23,8641681112974
-29,893435139153 -29,7429309983299 18,0606303693497 -8,24623393342492 -12,2435340808337 -21,5859957279233
-39,4910007435337 NA 16,0354065814825 -13,8290693282671 -22,34007963568 -31,3351021171075
NA NA -23,5445117910285 -19,2814562169391 NA -38,3771200191591
-33,5471331291526 -26,4914593442878 38,8445232483416 -7,20147078454831 1,15858141864765 -5,46100288268862
13,9974240867095 15,4089039759974 54,0780165196595 -7,07784681678836 -16,0889684079153 -26,9042291455622
92,8152169783639 96,9776931950778 74,7391544329985 -8,1955217892433 -18,184687093191 -27,510961565902
-30,1741243461308 -16,1118045764155 NA -13,6643113702002 NA -46,8109573365674
20,9966765413509 48,3293389624626 84,8664053254198 -2,00021339004046 0,185887191947984 -8,11199299661513
44,304470889757 29,4667448858673 67,3435900274718 -7,16418898590106 -28,2384721605715 -42,6246142937615
46,0826803779673 36,1052800869596 42,9294651662942 -7,62221643730092 -16,8714039124465 -27,5129376755989
-52,859559161744 NA -28,8705130744722 NA -32,1617266839684 -38,0646589851508
16,4734531073085 1,20539150278264 33,3776431260974 -6,71373468619663 -7,41904669871956 -16,9300287324883
13,7075966910428 9,9152562012262 34,0557540066127 -9,10677863086196 -27,3109287060631 NA
58,262232816032 37,1400582443794 61,2751584421223 -4,02605689471664 NA -17,1783588725719
NA -28,1315014414727 28,5194471742566 -7,33423116490609 -15,432700479609 -26,9208057595509
9,63540869244015 17,4059184648389 NA -14,1977038295193 -28,9265962199657 -39,3388997573562
2,53442859055758 NA 13,9178260943266 NA -26,4781256499774 -34,851250275232
29,8126545199637 34,1483099108878 49,2658615509123 -5,48975998142025 -24,6313940647039 -38,369969392096
-9,68284269524617 4,23832589288447 28,3807999811936 NA -28,542579604429 NA
-7,38042236189926 -8,50451694227584 29,601088400137 -9,50073942615307 -19,1304787488481 -29,5188746632796
25,7392862402534 33,2378360346815 18,7987938745057 NA NA -40,6384098909087
NA NA NA NA -22,0327795855446 -35,481245430334
NA NA 21,8548403205249 NA -5,58405364035156 -13,9274059965788
44,5445036617762 41,1146813689998 60,6709716714461 -4,31850389488278 -3,96319766418721 NA
-82,3210073769256 -43,8303330388417 NA -15,2262637310279 -20,2539042908567 -27,9160274033971
NA 69,3203410531842 54,8995862263105 -8,25266205460115 -12,6219405321813 -21,5348952446317
-16,7671151756635 20,0961007009191 -5,20255496728087 NA -26,2634681849218 -33,3868409780691
27,0103869218146 NA 41,5736406580584 NA -11,7631289003303 -22,7875488464236
NA -28,4253168446276 27,4000493655862 -9,07417710740992 -21,3091163670132 -32,9220635422049
-8,59844361679279 2,94056314548585 48,1472888463039 NA -12,7046797733781 -21,1706369281675
NA 11,0152511254821 -4,01871074239479 -14,2611881693299 -24,0566631981754 -32,090180033411
NA 17,7455650382238 NA -10,9622381026081 -15,9456982569074 -24,9471075177424
41,4714242079066 45,1169419178016 57,0794167531875 -4,35561876458959 NA -18,4632410408832
-27,7948544948538 18,307453743458 -7,55950904521539 -18,7925031919184 -22,4640090785688 -27,0331141609671
NA -18,144430795352 NA -10,9625240244454 -6,21583648519155 -12,4015223242718
NA 51,6173653074089 62,2301381988252 -2,52658245678114 NA -9,96009490680876
39,0500512248357 64,2008288230767 12,821619677192 -14,3620922394956 -25,0701108598674 -33,0752693162549
-47,281046583851 -9,8428289881579 -20,4756420619485 -16,4960491719526 -23,2245309964432 -30,120542751397
NA NA NA -18,7651544867695 -33,2389180391447 -41,4141975473044
51,0246445590189 29,1345933596504 NA -3,59527211887556 1,35493679757305 -6,72773760970435
NA -23,4359041446529 NA NA -23,4479217464422 NA
-7,12253501407311 8,95469839112757 19,3740023900235 -12,8151783313704 NA -41,1282928307457
2,1569200693426 38,2928152566885 17,0027143740172 -15,4159314972143 -28,550814555774 -37,0905833276382
16,6216250419681 4,58900027999019 NA -2,371320446352 NA -34,5401141891726
NA -36,1905395655461 -5,28078272374735 -16,2392850382003 NA -34,7004492901333
-35,5816033815677 -50,8653044108993 6,53165384397371 -10,5027949059116 -11,8426687560567 -20,6413496380161
-5,87508497179461 17,4162987098132 14,0809126100561 NA -25,7009297369874 -36,3267933429981
48,6782750926688 NA NA -6,83609121987954 -8,17901415112104 -15,590388998571
-42,819807125085 -21,1801725662357 -7,43746064625301 -13,0407176426587 -15,5646142107176 -22,4302095507261
55,0010137351667 33,8032288904486 68,8862854134258 NA -15,5115227508089 -28,9476995916828
-37,6213292213809 -13,6107709656214 -2,10496382063813 -12,8562124350403 -25,2011655028034 -35,670242567311
26,0130724901993 32,0878165908283 23,9212894638203 -9,41005599902085 -2,18627617996493 -7,77397731053708
16,2486094192442 25,019128979436 62,0405394540436 -5,9072522950108 -20,3033283185959 -32,830733542633
53,836935327029 74,7409671623789 28,6318892879237 -11,0827859876218 -18,4830506019872 -27,5504009270288
-27,6618754510832 -17,9213625995211 NA -8,41608728716804 NA -39,260479303262
-4,53466493392573 3,85011645171439 9,99014353992352 -11,0801786359082 -18,1012077508664 -27,1659751053479
-6,92584212745662 -4,39466074362539 20,6862951012987 -10,6752870703206 -13,2898903862374 -21,1070925435456
11,7476141066683 NA 44,9921820738665 -7,94706487300321 -16,1504707533261 -26,3345843672769
NA NA 32,9890555961702 -5,24323794686883 -12,0585751767806 -23,544519732113
99,4405882520335 105,802951448384 35,4149979752405 NA NA NA
NA -9,80370312238949 3,686117622345 -12,3458225858161 -17,2978970660516 -26,0891483711788
19,5864117163954 NA 49,5367259340528 NA -23,0779254265835 -33,6956938014205
NA -13,557211555183 NA NA -31,5301190675655 -41,5159358799026
-26,2477806040941 -13,9758475743178 -10,4386159984235 -16,939304802821 -29,8466395731346 -39,1696172004776
-10,1226129948485 20,0843683620898 38,2273767166762 NA NA -33,6733688170991
22,7443295763643 26,0262384449266 29,5613255169394 -9,98472289754496 NA NA
-15,6305405825927 -7,31830606458365 -0,754446227426929 -11,8935650339891 -15,3962463177738 -23,0039916641214
6,42375611519323 NA 40,2297020632976 -4,97078798797373 6,43932427527191 0,164913082922247
16,850191348127 -3,33655728943819 25,9012295206744 NA -24,9899046071192 -38,1518836497685
-36,0400954989296 -21,5295617483905 40,7092306783299 -3,81174772431437 -12,4053706729499 -23,9315735827384
20,3608368915774 NA 42,6052429773585 -11,7125149079367 -24,0597393612607 -33,0178127155499
32,3593974049521 NA 10,2245402639201 -13,0305235062045 NA -47,6540859693867
-31,9228411343109 NA 27,3483975421202 -8,6269577727954 -12,4658314121208 -21,9593500411781
17,4169791305104 24,4448231079569 NA -10,7074611049762 -34,1002141385956 -47,8499360902291
93,6142434613815 83,5316632999712 85,397568309908 -3,94252279710993 -16,5870850099122 -29,4705843062353
-27,0880345000628 -1,7877113102469 -3,59092915277839 NA -15,4945936143561 -22,8104190429525
20,9176687120997 NA NA -5,00484956355686 -16,4097794590348 -28,3096396458432
-30,0388971267491 -14,9027691612548 25,0466104965635 -12,0851069625202 -19,5052329884067 -28,5982986396643
-15,9956059016422 -11,982572424897 10,117217245991 -10,6680911573291 -13,5245296151008 -21,619784354026
-30,9739949692343 NA -3,40502800898374 -12,4378277493786 -21,5948486495392 -31,6270168293697
NA 1,7905311503384 2,61424644828635 -12,5122641629149 -20,3360784651526 -29,1719781266899
33,3773654337484 31,2073644258089 23,9303442951665 -7,84660909453216 -12,6067481323358 -22,0982733151045
NA 69,5648742531102 47,9896716938215 -7,55968164256548 -21,2274555841941 -32,0451876309987
NA 32,2021429548517 17,7998009355968 -16,2066845076039 -23,9383884784645 -30,8783832772919
40,1018244414562 31,5157997332673 27,6203219691943 -10,2048886062472 -21,5667128588109 NA
-13,7086678731998 3,52988211958719 16,8912742768721 -9,17131037705622 -9,6986484531615 -17,290690747928
32,8770012751162 25,0204274544295 48,2873458495613 -7,54559676900919 NA -24,084955156673
42,5204218766437 52,2215075235496 NA NA NA NA
-49,0362356601842 -23,5927975195916 11,7136955904932 NA -41,2208389547919 -55,8435385821901
-24,3549106371407 NA 14,2846759081475 -11,2346869483633 -27,4736567164933 -40,5366508216454
-12,3435460697208 -9,88983228552482 36,2726471269682 -6,56815827154174 -7,5493704931185 NA
41,5482341026858 57,3862718228567 41,4779301134697 -9,70548275359591 -20,5587483923029 -30,3842631827876
-28,2174214233217 4,72502814781397 2,57013210453346 -14,8025143149704 -30,0617886519051 NA
87,3227893371768 64,2947273694555 70,6245222712147 NA -8,1194647385448 -18,4419012026947
-8,98234548412309 9,59000332212462 -2,85959136519893 NA -25,8101183083153 -32,9468305182737
0,183849236087379 34,6310832518817 -9,50070828099056 -16,0925455173313 -27,8351395727845 -35,3591912250676
8,52065463260965 NA 22,0801353575418 -10,6780609408053 -30,5053123920573 -42,713220987972
-13,356860688584 -2,91163865746684 NA -16,6019286224072 -31,284611423975 NA
-3,2136581958255 NA 31,8073945453271 -8,94633561117676 -7,09557913335541 -14,4721966254174
18,5479382131922 16,3581186499353 NA -4,9623274319976 -18,8601420627321 -31,7653296542151
17,7337399176634 48,9403137525873 26,2944593797099 -15,5339220710897 NA -52,1687722480751
-11,4419644065778 7,50428380076817 37,7540008045702 -12,5263756872636 -5,52082179608596 -9,83452730319236
0,497382802088309 NA 21,3568149884222 -9,97234103782671 -21,5231485588336 -31,1812284698425
22,4055941244914 16,6677670680066 25,7296092777174 -12,8467987816979 -26,6956708327525 -36,6142714201207
-16,5130901687061 3,81502623968939 20,3661995226663 -11,1151893314084 -24,3803740602951 -34,7303323653537
21,7839898631785 53,5480344549394 31,618078846377 -9,28656319579667 -13,018929927126 NA
9,39038305768001 -10,6793207006172 57,6175643745956 -3,64137426293199 -4,19347060773944 -14,6008400551732
-6,39399414223065 -0,307377805091541 23,1291087881512 -5,64252401136886 -6,7115733055333 NA
11,4772869299771 16,1126228269041 15,7590529077054 -13,4942634398559 -15,5358558239392 NA
-28,2323632149776 18,3565737196025 16,0254478140012 -9,2496498207574 -10,2134944957409 -18,1646477761539
69,4619583174304 66,9014276311891 29,4799601025383 -9,17490047248561 -13,3730379882903 -20,7860490915189
26,8248250390166 19,7894988244135 NA -5,82045911344172 -5,34616171891347 -13,5428913618798
60,2705612877503 23,2160558425019 87,1616868695855 1,99839797738236 NA -15,3910983752403
-15,6752111877314 8,88148073554603 28,5279421253884 NA NA -35,395875819141
NA -7,98195341883727 2,01612376678888 -16,1257051492972 -24,1224777350513 -32,3781354200196
36,9471270324645 NA 35,3873102347665 NA -30,1218400174108 NA
-12,6543709197154 -13,5126416543786 9,73290727929135 -11,4797836173072 -31,0005946243035 -44,1701777941208
-2,03758869330955 19,6333329690087 -6,18999660250653 -18,4113721824042 -21,4884837241527 NA
-31,0968670807145 -12,8352381738928 12,6405868326491 -12,3522155034743 -31,4446899116508 -43,5778860237305
-9,1852125419257 25,7269786492063 -9,77967770321259 NA NA -37,3881256519345
22,7014721846167 NA 11,6322788573164 NA -22,3951119670973 -31,6363890583056
67,9766199660436 82,5842298443347 46,6817184131044 -9,30464784493767 -20,9422472317705 NA
20,3502147554872 42,3573177490337 42,3136777483363 -8,35754728541399 -34,0576842002662 NA
10,1625020780577 NA 70,6305940247133 -6,65364572117761 -18,2378754340845 -29,4071933769718
-26,7318474989873 -17,114636527096 4,6598160752809 -12,0406282445083 -14,4431193470118 -22,4495105837515
-63,6734764443306 -44,5361253822361 -7,53127470554755 -13,3073007461529 NA NA
NA 17,2822743745858 57,1683184834856 -6,07904385693549 -16,7869837476387 -28,2457417819743
17,7437891703132 NA 36,4557591030261 -9,37739756585007 -18,325646138917 -28,0339886182562
-26,6219419264342 -0,346934973161854 -13,8027636081614 NA NA -49,3991704035074
NA -4,47209148735536 NA -20,8265805755247 -27,7367950687172 -32,9239544778891
NA 52,9418480243744 53,6337606430318 -6,5459030823185 -15,2536325879588 -25,5714444798846
6,38928526034633 30,1768425405754 17,6435325987074 -14,423585946389 -19,4080891481771 NA
35,3625770271032 49,7346594954892 NA -11,8250254034299 -23,9895716235956 -34,0816397348735
34,0908331441679 36,4237195906444 NA -16,2800872545635 -30,675785392663 -40,0443465887914
24,4025058226625 25,6751686585037 46,3908135528274 NA -12,3047604921942 -21,969765774362
1,30533744816036 24,277706032728 42,8273759855228 -10,3259982192344 -23,1636716398664 -33,2032180487891
3,36218913199851 12,287486687615 NA -7,79761622126167 -14,612270305505 -24,4273949770902
13,0040199045093 22,2227361057097 19,5248314853327 -12,346493341658 -25,6801198044706 -36,1629456921732
44,9468574872392 40,4474864845127 NA NA -12,1359555117933 -24,1273644365533
17,2957288261007 21,4473142201996 48,3560499741115 -9,2706891015396 -20,3390802323777 -30,6683946794489
43,7823708639364 64,670068640339 28,9371244358374 -12,3958892949587 -24,3514558599274 -33,6457824091513
-0,131451361897161 -3,76516762364167 30,6344675825855 -9,19409179409784 -32,0324898781256 -46,2779538589561
NA 41,5547235335573 37,3331790261377 NA -11,5509121195782 -17,4730186990573
NA -9,88814403027417 0,252335360515293 NA -10,9365820006298 -16,5157895290596
-5,17614193373456 41,0741506788356 20,1388524626429 -11,548380141674 -22,1605919341932 -31,3340513043436
NA 34,9510521290244 67,3214232237951 -5,01790361612336 NA -14,611222302107
40,6580592531208 60,4511490767903 32,4073861759659 NA -28,9044938907689 -38,4627016205706
-14,2300115184091 -11,3289937585637 21,2379603543452 -11,2743430139765 -23,5477678124731 -33,8918111679227
14,7519156335978 36,3452018933152 NA -15,0937258462841 -30,3172254489987 -39,572168533199
16,2497886540562 30,714060381058 NA -9,85495326030845 -25,3435641007859 -35,8845180611365
-2,10332670126659 14,5494179300295 NA -12,2581371608642 -34,2668915315811 -47,4218878257837
50,6480430626239 41,7863038237904 NA -10,2946099783415 -15,5548829916302 NA
13,7888012547663 33,6089299573302 NA -15,3373942099293 -39,9810590147265 -51,8332998634083
48,8592789323729 50,691681568746 NA -7,23536136493926 -25,6876083207658 -38,334099529519
24,2614136137238 23,1274280473321 78,2948449526862 -0,809864894514828 NA NA
20,3451856218154 -14,6576596096528 NA 0,872495679302617 -10,8186367809059 NA
NA 54,0037691681563 -9,59529316450575 -18,1889838156353 -33,4653667527706 -41,7372492522027
31,1329564902175 15,1647555781824 62,7787401462374 -5,71701687175976 NA -22,211952194707
-2,22921570214652 NA 27,6264052701968 NA -26,2438204035806 -37,0846254064872
38,1828490253414 53,5387118317206 55,77976552271 -7,65505525132106 -20,0298912457365 -30,7179623026617
-5,34780712328917 32,4302092968929 18,9404323586128 -12,8972164446845 -36,171408815656 -48,6390893991119
NA 80,1568336824477 55,6853246640229 -7,58514120370156 NA -34,3590851675641
-29,7334306408133 -14,0607407672311 -6,52113325828539 NA NA NA
35,6120184378007 28,2601704795841 87,1816051753837 -0,485756361012683 -17,9740016546229 -33,6056793915926
NA NA -3,60112381975095 NA NA -48,0703833709039
-14,3692660221239 4,0031354758484 25,4508777557003 -12,628531398942 -19,6778167926807 -28,0035485746768
29,4008558857397 41,4835963997002 36,6837231123142 -10,3472229453073 -19,4229266055989 -28,69875585892
21,1291055240082 22,0266630544107 87,0478138192513 -0,393754524339641 -10,0845081223701 -23,7118896887488
0,984147333423813 6,43384114712076 23,5528032340598 NA -23,5132751316948 -31,7791539547864
-37,0437184435031 0,261444472717844 27,9271048131639 -10,6569633685481 -16,6177023723604 -25,512682799633
16,080755117587 20,1117491343475 NA -11,1493675919973 -17,3821643767114 -25,377739080282
NA -16,9634767611166 11,9069565906325 -10,7801280088558 -18,4177823807941 -28,1737331501461
37,3110681502012 21,0053272340932 67,1000284595859 NA -10,6672655344876 -24,1317329214016
11,6747480344734 NA 30,0840882884171 -13,0659420308213 -23,9064891302636 -31,8463171716823
NA NA 62,43848054756 -7,48496624044867 -30,9922738914454 -44,6279427405909
63,9968542807354 61,7812447619987 42,7740473203025 -10,2469120079374 -8,47221116377576 -14,8238496915769
NA 10,465332059021 -12,2756297774555 NA -30,9901154159139 NA
23,2580719971397 NA 17,9407078792467 NA -17,1081042465341 -25,8256497413443
-5,99676854523848 -3,06045747736734 40,1840018568091 -5,52950411397857 -10,8276890793133 -21,519959927866
1,60004263954035 -26,625401801303 NA 2,0205082837887 NA -13,4138291613877
132,601699935744 101,799762363611 NA -0,364116286150308 -15,1982298317869 NA
11,7222815960357 13,9492354355453 23,7193802039933 -11,3094506794221 -27,0881315205169 -38,853738053869
48,3775415432779 52,5134441397833 48,1007144490478 -10,8671612271761 NA NA
-4,02549986708511 14,8341098301853 21,026838678785 -12,8340679175156 -25,1107151013486 -34,6119133601369
35,6094168660403 49,9799333786541 NA NA -14,754872131381 -24,021331507649
-3,78806364259737 15,7211724111209 NA NA -13,2177632194897 -22,0594688644484
5,20864682724974 45,0588649806162 21,807065531454 -9,37818779587368 -19,5381587092781 -28,8993541272433
43,8298891885175 43,8725540749009 61,2676014315203 -6,53846157885511 NA -22,9812579966502
-17,9485960503932 -24,3055579538758 38,1623412886273 -5,77472204633118 -11,4651917741474 -22,7910433208303
35,5497883535003 58,493113446067 51,6953559302612 NA -27,1227310748756 -38,1823103459484
-21,7828493717146 11,8154978640199 4,71560903832622 -9,90787516676271 -11,2957727775527 -18,5673978092594
-20,8218043354634 -35,0000342340767 83,3713415620658 4,53327752360398 -3,34611013798357 -18,2693979658302
-25,6593022183833 10,5610216615817 -3,28256721191561 -16,3605557921315 -37,6669004909247 -48,4106382075349
NA 14,6760201447329 NA -13,3094581374998 NA -20,21472634175
63,4520202608896 55,0110340083591 49,8485536379079 -8,85850329233479 -20,9603234991468 -30,5185172148439
4,56179174177059 4,69319845680017 46,7916919639873 -7,07162142558623 -16,1102386342447 -27,3876240392267
NA 11,367355439356 20,4635310770381 -9,13676561000586 NA -28,1392479506428
39,2454153356983 37,3234408388258 61,5591798435524 -6,16352290772159 -11,5740138964084 -21,0490151577104
NA -5,71150937309879 36,8563441180309 NA -20,7089279586476 -32,1661140928959
6,28148678115308 3,11829387261973 55,4109474586342 -5,56196593945478 -12,1110289171083 -23,1938928495132
7,70772554643947 NA NA -10,8686514041066 -25,545043096651 -37,0893813748849
14,2987407959345 NA 18,7165355175759 -17,1082787649028 -40,8017965994169 -51,6076166571524
NA 7,10726841497982 60,7847117915715 -4,99944299638114 -12,2739943070741 -23,1742396170474
NA NA NA -5,52262109975655 -37,4791694072274 -54,6945533681238
67,3349034255727 57,4451598345277 84,4740962003573 -2,97469103068484 -10,1571411410757 -20,4999196501635
14,9421756480722 19,8559523594206 33,5725700873366 -11,046727707098 -19,3713594075749 -29,0430789531802
NA 94,4587432875556 73,6827880395091 -7,78251777795504 -21,6841357880601 -32,5154778626884
16,6490144812056 6,89199712081727 59,9731558202983 -1,85871333531454 -5,27769782557724 -16,2002072379634
75,8139683477576 50,1095083464625 89,2493584113919 -0,517273737162775 NA -25,8158837339123
-8,43348124513451 -0,525207397846007 9,49355357661107 NA -29,6244304325395 -41,7002630764637
NA 32,567570028435 28,0028619735084 -13,0045209485722 -25,0728841667405 -34,3557626749797
41,7373494289367 NA NA -8,46370010214237 -7,1670830945694 -14,203156444045
NA 35,6111986905987 19,2369975548326 -15,153648846569 -30,2052647300036 -39,8035723085634
-15,0740857306277 12,1809766955318 26,722174831995 -11,7949839194726 -18,5038349915264 -27,1775295390111
7,64713763860731 NA 14,7875350811918 NA -10,0986496773077 -15,2032723602713
18,2371377153167 50,4491263260214 1,68364326865008 NA -28,4068293661136 -34,754767915408
-7,8339501005107 19,0141173775901 47,3445252863017 -5,85637368264163 -6,46654319671717 -14,5361319129876
-4,70042545166872 1,07735906645013 -1,12021474095249 -14,375364429902 NA NA
-60,1055943879632 NA NA -23,0302941512916 NA -56,8274043063517
34,500850317764 42,5955477415186 11,791141404356 NA NA -27,5060807384475
61,8593530551943 49,8914031299967 90,4145631493311 NA -7,20645671048492 -20,5665344694072
-20,1442061843682 -14,9611134265643 1,84648403352316 -13,1383918378296 -20,7939719835247 -29,4631176057336
-7,12998507808095 11,6057202598116 -14,1225007494298 -19,1606232162817 NA -40,6138346298135
34,7523600138423 15,1549197211373 46,516076460453 NA -20,1693334873227 NA
37,4312006467822 31,9292367634405 31,5554863816683 -14,4551414355451 NA -44,9208735501915
0,687014534891736 16,3031202304445 16,1808594289396 -11,6703692431389 -21,9339971246693 -31,170025883128
68,1975546489057 63,3724006451265 66,8794831923182 -7,15232397114029 -18,8442143503129 -29,414269683602
NA 25,728331457376 13,9861365503831 -14,3975366898915 NA -36,1202879817946
27,3741841971499 27,708401134209 39,0748545040638 -9,45990164246981 -14,810269288049 -23,19891108127
-6,56716250802553 8,66337496976645 NA -14,7520319822389 -24,5236261603358 -32,9391620057195
-51,5880778257576 -0,999520615199266 30,9313147433915 -9,31679666730201 -12,9404126357243 -21,7632063680157
20,0872361927423 43,5729397503354 NA -13,6692260089798 -29,8346935808046 -40,2316916398962
-5,79976872232441 16,9271943707026 21,9346685782092 -9,52012939493774 NA -26,3025129518106
-49,3125800616214 -55,7629249820498 31,9613765113739 -5,76920905292155 -15,3401919570531 -27,1016046056608
-46,3932171108249 -24,6199272089115 NA -5,53186840446462 -14,5593993906387 -26,2719713351226
23,7844628420082 54,5048066916525 NA -11,4242558839447 -19,6327205905161 -28,2677628952233
-38,0244491539728 -45,0049512714659 2,76441628176357 -10,7224243704423 -12,5494802369848 -20,2374513246918
-20,3872327294623 -12,391387465929 25,442134969018 -9,78934034533951 -0,779931076575277 -5,76020019196083
71,8768982323109 70,3337974694986 34,8217162299338 -9,91063446444892 -13,0685578283967 -21,1277945250361
31,0151202254802 56,0216385606055 NA -7,83453781936291 -9,97732541112117 -18,5067905097481
40,2686201037912 51,0687394965394 49,204389439119 -9,50495585839543 -15,7190364097924 -24,207922882691
45,4214489859203 48,0033206753415 30,6487177255209 -10,0993546930205 -8,37840423853051 -15,2685522140479
69,0936499715022 41,9401843379558 NA -7,37415500319379 -7,60619265196712 NA
30,2195643896254 32,7124476133122 40,0172057247662 -9,12028100475873 -18,4677429833603 NA
21,8173766000638 -5,20881205906259 54,4782424075884 NA -21,2559001483294 -34,9091818925241
5,24845779799051 15,1324448453609 25,7530596859814 -9,88997578454104 -23,6635179910436 -34,8093637329699
-34,6019386147517 -8,8323438126561 -14,7457537277105 -18,7974347966737 -34,1431377542104 -43,125225872619
4,87831394491784 6,70293439353528 61,1049856368075 NA -19,7316696023184 -31,4818326682708
NA -28,7425477202463 37,8172891274766 -5,49681497187386 -17,7241170831343 NA
-5,01477604190399 9,01132192570997 24,0476863669173 -12,7957270837965 -20,0981744563289 -27,8881177918285
13,0499592310246 30,6634129293293 52,6749668406687 -9,5553888996416 -19,5406431132513 -28,8561001944475
-26,9298619251814 NA 22,5194653952351 -4,01117464404878 9,78054573645318 3,30345315506015
-6,89129295299328 2,32688941398248 26,975944371865 -7,44598050650067 -22,0590203233124 -33,6602276232722
22,2942729330943 21,3442641532202 34,9032970298368 -7,65821057462604 -16,9218679545088 -27,2646003134743
38,753887655076 21,900458576161 39,4664726859811 -7,49471398778557 -23,6940305225368 NA
45,5948820481589 NA 39,4448495847648 NA NA -24,1945151037227
-64,5101907381694 -39,4824494403282 -39,2214892138979 -21,3640111919892 -23,945609155396 -28,8268286976053
13,7940465539249 29,4318474149435 10,9798954676359 -14,8989056673379 -40,2445046866792 -52,3558470509167
42,0841632437389 30,6031949813921 41,6679745168441 -6,32832232112059 -15,9907379514689 -27,8789005438524
33,2016767723807 60,915471951885 -0,201537600894927 NA -33,7269005029701 -41,4858514468992
7,60494526816528 29,558189708593 19,7183411617784 NA -21,3757108747773 -28,3146593644844
33,6325429573588 54,8262949146548 13,4955017073884 -11,3115898432663 -12,6673388189641 NA
-50,5696774362152 NA NA -21,9051563297144 -34,4642384522382 -42,0839030714586
-70,7922018438846 -73,8498803889709 5,33953723041716 -10,3989241908143 -17,5879959581146 NA
-22,2606587929746 -0,351106140444106 37,0673482414215 -11,1206520853414 -22,3658747723481 -32,2317767204181
NA -17,4712729369944 36,9802098405234 NA NA NA
-7,77380530088169 -1,49251460945871 59,6577002888713 -4,76050905029409 -7,72169311154601 -17,0989380157283
-20,3681890323537 -14,927362600258 11,3344426362 NA NA -25,3640932182306
-33,5159040592781 -31,9603178657158 23,8798436709293 NA -8,34517626660909 -19,7043078034909
14,9234816901536 17,9896387718067 NA -2,39631747374521 -1,57576513619895 NA
-40,9567604896379 NA -5,93556289961777 NA -17,6530944845914 -27,1996646264791
24,5783962297693 23,3844781586183 41,8954225771774 -7,29572287241006 -1,87414385192249 -7,88106672316287
69,544401849912 60,6516412666869 79,5934791721571 -2,91244156614404 -21,6518612397437 -35,6111864635969
-22,5546293216655 NA NA -13,3835637260229 NA -34,6403228403714
12,2352714735135 25,3848172985124 45,7188258846228 -7,88105997739675 -17,3765439927996 -28,5904065396449
-38,4139050998426 2,79132167764017 NA -14,8703358056446 -16,2799251872401 NA
NA -9,07921775174175 20,1183186508715 -9,31599583590598 NA -20,1721712082795
NA -4,87115262620447 31,3316437895151 -10,5508773414067 NA -37,9656272333673
-6,18525635922288 61,3240302848923 -16,2951055207256 -20,816315831938 -39,5642422280424 -47,5916549519101
NA 5,84857900338887 10,5859708877979 NA NA -35,9670211612695
-22,6749631976662 -22,6816890895148 10,8611466363355 -10,1300914065599 -27,1261082239482 -39,6459379284298
-17,8864080087221 3,90368376617058 42,9950814744168 -9,54416732347056 -24,3789943582555 -36,1387274331926
-36,2549739884511 -7,19549689596728 16,2529175944997 -14,7423355580179 -31,279892925887 -42,2205674992048
21,06026502619 21,7585089675902 72,3251906524113 -2,30029975953432 -16,7491710862018 -29,7520599245898
7,56385213317544 11,6012443305873 45,5110700287029 -5,27928156774109 -17,3051528690696 -29,5899948755911
-55,5029063715538 -37,3467057391616 15,4781279530008 -13,6614439212659 -29,1087996511804 -40,1366492764736
2,84301697047681 57,4091644597959 15,4986753190501 -16,6513696875245 -31,7563692335335 -39,9467457994057
11,6838358598266 26,2715207273807 -0,134869401041598 -12,2310244083683 -28,4242495029677 -39,7084948948525
21,7840328278311 15,5972448099199 44,6111521016988 NA -6,78722358792464 -16,8137303995832
-27,8880856990996 NA 5,87322372107328 -9,11035341880019 -18,2625127558083 -28,8581863982644
-43,2027602366924 -43,7658894785553 -2,73784356853781 -9,28987668243328 -10,3241663972925 -18,8813917793753
-19,4996838586373 13,399967548636 -10,6928108129789 NA -35,5525126441498 -44,4431393887244
18,2943168225407 28,9826907123047 30,4729666533485 -8,21874317789345 -14,6487223823879 NA
49,9490276045722 65,3162300062924 46,3804347348743 -9,37199697279253 -27,2896138697943 -39,1376079946087
0,832959059299169 NA 70,5656513323211 -1,66396132395069 -13,1909338772062 -26,8927640289944
7,52283856132084 NA 12,2513518410208 -10,8928240159778 -25,4061043042004 -36,7594085334722
-16,3523211619896 NA 13,2477000345863 -14,763851804444 -20,6187107543411 -27,6050140990356
-15,7404307247364 NA -5,57337958908562 -13,6150936073116 -21,7679853670479 -31,126513165879
2,83502338416328 24,8167236932168 2,16911775906207 -14,5288833660788 NA NA
-4,00290383221339 31,4227469474987 29,1133760648295 -9,10680034516483 NA -37,8802912108573
NA NA 1,99123966666039 -12,2608667072271 -15,8239262287209 NA
51,1323416024045 63,5733272224036 49,3981770277269 -7,48194446153905 -28,2410420972944 -41,2865492364498
-1,2417418116733 NA NA -10,9233075491953 -13,421870440477 -20,9932304649779
-2,03803557542836 14,7777470470878 28,9432442131309 NA -25,8193594809718 -37,0499055223023
-1,94835755236845 5,80214627021656 17,4067752460381 -10,7854291718383 -29,7756086544542 NA
-7,00119917895262 13,7819624262639 6,78480364593977 -12,5002080590155 -19,5003036779133 -28,8541147727405
48,81333253191 54,1611747699249 89,3887694467162 -1,31401233650864 -14,9679998346738 -28,7250895093888
-3,94182559426225 NA 25,8155090193644 -9,70542579500433 -11,891276000135 -20,0616991073355
-17,7738644416983 NA -13,5395983221612 -18,9181172090141 -28,6594892137584 -35,4164889304888
-8,68113501274233 NA 5,06311679416615 -13,3534905543573 NA NA
NA 31,2199783685598 100,549400622264 1,97442940017608 -4,29307248310169 -17,5278817880867
-51,722651970989 -34,8476940803329 19,4329115122817 -9,76512822098456 -18,3804344108844 -28,9027097911344
-54,0927407682532 2,02877082052465 NA NA -52,59088002202 -62,3600880990418
6,14485065582689 10,2393550457691 NA -9,57064084930873 -8,95223076453653 -16,031912987037
-15,236149851336 -9,12247360874085 41,8556941820262 -5,26495647787221 -6,8685129611221 -16,8888528567167
7,97041840656458 18,5979900746354 31,3090152818638 -8,90478373638027 -23,6348143373664 -35,2819606823651
-35,8142526596106 -8,5759162514859 -16,2660218734593 -20,1454884521862 -33,9401816805077 -42,066598213388
30,3235627609976 56,3792673361413 34,5877582960771 -14,2123457041285 NA -41,4592897056612
20,7467406676497 7,81402146397737 NA 1,15005940560963 NA -20,5590696449478
104,488036493889 113,266150819545 70,6099502702426 -4,43779125387532 -7,8213964684765 -15,9943101608962
-8,96734667551459 -12,4109211470685 46,526923127996 -3,95914404306908 NA NA
NA NA 2,07083645392343 -13,3802410641229 -21,0306813026481 -29,6137028604728
-6,41182961656962 25,5974696582491 12,5340651023718 -18,6654236543374 -34,9825827667726 NA
0,750011957903958 -2,86491520233583 69,2559833339044 -5,77521975199113 -20,8745398509751 -33,6808519191106
46,6489700246004 37,8088788065634 40,7673267326831 -6,07364490268339 -14,7379191556986 NA
62,9723029485045 84,7549506381058 34,4906888666656 NA -23,4345865979396 -32,3475765812074
6,03527770206536 35,2840520586732 NA -17,310032223158 -23,7499479384894 -29,5363529521133
-41,5492073914374 -15,679906742543 -14,765089646224 NA -30,4566979618154 NA
-13,2013316397092 13,807325996213 29,9442868257408 NA -31,5829927953863 -44,479120351475
25,3429412306577 43,4358857184288 27,7000466627288 NA -21,4808536184972 -29,9939450473601
-11,8220760635393 -6,42833764781354 NA -8,92295159462331 -12,3265297108354 -21,4411630633711
5,46058210354355 13,4314874356887 41,2789392944417 -6,67110169711641 -11,5776724290981 -21,2240186679976
-40,3987834306034 -28,5705187756955 -8,06431575882734 -14,2643268556179 -17,9235505842286 -24,9516822890423
-29,1872759104636 -25,4756503855464 20,7861820111417 -10,2856717179974 NA -19,1908684958868
52,4599213013594 NA NA 2,52865121905825 NA -5,23874713685387
-8,0909022682082 -12,0354274432086 28,8313735862948 -6,74132492360255 -3,45038063158672 -11,8260951006171
-12,9294652349026 NA 10,6244477602471 -14,0843049807434 NA -29,599661627684
3,63945025348999 19,0103196812154 28,1804971111354 -9,9667672071107 -15,48065407051 NA
NA 52,7625420662627 65,9830117881399 -6,15709514772661 -18,550153062963 NA
-34,7644039567881 -17,5931249229321 29,804009487712 -10,245371150019 -10,8363640368108 -18,811370561839
7,17864336638368 -1,52896588816352 39,840371608588 -7,11020261843955 NA -21,099244362759
8,0112904852986 11,540428531717 16,8396610317157 -10,0050314444817 -23,1225112214662 -34,4960832535954
NA 1,81232366656851 NA -9,98302336885961 -3,4186463586563 -9,27580944150213
27,5164370425019 51,7310206511139 29,6568250106771 -9,95237959747073 -20,6884750083818 -30,0986087912442
-5,88291836649762 NA 42,1920471770462 -2,62995007596929 3,6856140785959 NA
13,7264192932579 8,68597031814048 62,7313042836107 -5,22573966015667 -19,3165410301979 -32,3172573447804
NA 22,3531381010979 26,6093420718881 -13,2364266303904 -22,5032979966005 -31,323504962204
-24,5180543468156 8,16744199752623 -34,6171674118148 NA NA -31,9956451980059
25,5046554389612 NA 23,2788899263346 -13,3453101972333 NA -41,8066393780849
NA NA NA -11,9730999093083 -26,717817802212 -37,4042733513751
-35,6973642002266 2,19949449067397 -0,653848117480145 -15,6867593246912 NA -43,9783953809483
-14,02669970867 -26,4285101942214 30,7630071795795 -8,53064386093331 -19,8535708567556 -31,6398602326206
NA 81,7656076263158 54,0011898434396 -9,65333161049392 -11,9134474058281 -19,0801554293525
NA 47,7933162397587 7,64070027028826 NA -7,74947109494279 NA
-34,441138634873 -8,65403133007156 NA -11,8011602044265 NA -38,6329166248151
33,297242448216 NA 37,7668047551536 -8,51754677263736 NA -31,940733727677
0,308120677791067 20,2146240206288 37,2378593281849 -8,40102256640731 -24,5021681541062 NA
-20,1554017341774 -19,0683726716146 16,409851324012 -10,6637535273718 NA -41,8167005058305
-12,8776349769711 NA 37,2836351615674 -8,06751874723322 -24,0141606415603 NA
15,4419361501621 33,6115836896498 11,9556085647725 NA -24,758766118379 NA
-8,3928956426502 -1,78297526068629 -6,2670971284435 -17,6971643542735 NA NA
26,2761145364774 18,6669120296592 41,6183087415363 -9,62143076365973 -23,5592218827656 -34,9010287670123
NA -4,26134394083268 3,89279789536066 -14,5905066181548 -33,136642542043 -44,9818857367594
9,30496332519722 NA 18,030932336684 -14,3903284767639 -37,4176970198647 -49,5512720586897
NA 14,4151012702294 0,236111529362955 -14,1586338275937 NA -37,082108070246
38,092631458986 44,8887030692863 NA NA -34,5005586318047 NA
60,7472102527513 NA 60,758822529217 -2,0516313478711 -20,7758409225309 -35,9276462709124
50,197944825105 43,2131117320703 46,2303777088527 -6,81814817038661 -13,984917079567 -23,753308560175
NA -28,0346272297881 NA NA -15,0535149868443 NA
37,0945438195176 19,889478823879 33,9610144576145 -6,80727980243203 NA -14,2338511335373
42,547164562936 47,143263033198 92,980426460476 NA -3,59209733348274 -14,2324142611279
-3,72976616071794 29,2713913531158 22,4126485392953 -13,6452283817287 NA -48,4683788983927
8,52760786964769 19,3747929190312 14,9902712304943 -11,0009366454093 -23,2179207111025 NA
30,0629760905995 23,8054565559804 NA -8,67608762939631 -13,1454642863389 NA
30,300824229124 29,0474485899416 NA -6,60410758220554 NA -22,9849604149876
-81,9085694009336 -73,436265358904 -1,831550609446 -9,13722529922264 -7,61553772309724 -15,5714293833657
NA -1,88732989946715 15,5368140511821 -13,5982429930511 -27,7418747377193 NA
62,7115656684417 NA NA -0,988478510379444 -14,732341749853 -28,5898777347779
20,3151946263654 7,82392118075739 40,6018726038883 NA -10,9984870476458 -21,0248002493476
NA 79,9717194278383 NA -5,0493028484728 NA -29,6826399612228
-31,934492391382 -10,4053943010833 9,81864801932507 -11,1920667260055 -24,6040135160977 -35,5427048100092
-11,8266868988787 -18,0927200367754 35,5945254519361 -8,48924198807098 NA -35,3654447791684
3,28790150159574 NA 19,6459272257763 -11,8122686582459 -25,1371081422128 -35,677569063346
NA NA 35,5166770432356 -9,10684142722742 -7,05051441435226 -14,2199101335711
-73,1179781709491 -47,5260821429019 10,2681347101562 NA -23,0246137257423 NA
7,92521231574333 14,3802638393762 44,8253594836352 -6,4983072900014 NA -8,96381235445402
-0,570370274216899 -0,714212340131617 18,0786182060374 -10,0131472580902 NA -34,8250232352119
77,8461056896152 NA 31,2545763142565 -10,852668181556 -26,6975290193964 -37,7167011408518
-50,1754902024058 -45,7684014718842 NA NA -11,24997606106 -19,2168875097434
-19,2329669597029 0,295427389436476 -1,43403657986008 NA -23,0567281626473 -31,401854661256
32,0761904861768 NA 45,9863306181188 -7,05565795292201 -12,9263950596936 -22,343887462237
-22,6686041502108 12,4727330043432 -12,4141502448857 NA -15,8217871473682 -22,1345351319546
-19,3216471269786 1,72805324755786 6,51756103814855 -13,8029890573663 -29,4746588646699 -39,1084895718257
-5,20761250474087 -2,99203852642235 32,7742629281397 -7,81014359988087 NA -21,8181435379901
-18,9261545499582 -33,8658585310481 -21,1016284651825 -14,251295524825 -11,9909487416929 -18,6338947834853
NA NA 54,1420666065377 -4,89605840928944 NA NA
-44,7543558206538 -2,20287922215323 -30,8685803650782 -20,1573761337165 -32,5554419520564 -40,4440655792165
NA 5,37568732042364 NA -4,90467028818186 -7,34465884869638 -17,0777293520006
8,70382554587858 46,6649331923925 -12,5113510926319 -19,6613013254593 -33,0964144485138 -40,4481303502564
34,0863343700074 44,6117511209048 51,6594288436584 -6,56358331627658 -15,0949968975943 -25,3302306427548
-3,65151563512418 -7,16701929573732 37,5250696891097 -6,37809728331711 -17,3524160091741 -28,7475368445428
25,9138112722968 7,90383338242159 NA -9,14403311492506 -23,0436625485609 -34,4554223400936
23,2317687649471 21,4332889771177 NA -8,0952955991971 -27,8607899482566 -41,5601476058369
21,1290572967865 51,1347457167559 NA -20,4951972480421 -22,3301678924709 NA
NA 0,816279740564529 -3,94623578604277 -16,5827931427368 -34,1608628462812 -45,1391000506992
NA -13,0128070330946 26,0902972194301 -8,20359960898903 -13,3641313325522 -22,4151093273921
81,9257329201394 NA 80,4389951644261 -0,389263170270421 -5,52674445066019 -17,3992749471767
9,7414059223566 33,740862897378 22,9459333851418 -12,3673934734696 NA -29,6527867028475
-6,95282835344718 -4,94698556419984 NA -5,66163826116581 -1,14996760962216 -8,76857261857435
-4,56016715655938 18,5249304892775 NA -13,3043887846968 -22,8710215798751 NA
NA NA 39,3684036699001 -10,2052015938963 -15,9157477356277 -24,1376557991641
-4,23298262936545 -16,179357317608 NA -2,13362306534817 -11,4167737542712 -23,579481644523
-22,4936768175521 -1,8828789484445 4,83704471358519 -13,1244182244485 -33,7774905616282 NA
NA 4,74643019455492 42,4164122580509 -9,98007740929445 -23,7650156253315 -34,6587433286106
10,8250225259904 21,958972712108 NA NA -34,2777417722457 -42,2009370443535
10,6429203323608 11,811980763655 NA NA -16,60869675938 -25,8994706183476
-28,2452504875304 -5,48855565192376 23,9915859498376 -11,2583413292664 -30,503938664352 NA
NA NA -4,69246425007376 -20,4312955199286 NA -52,142892023967
-40,8156085306822 -13,5837621186466 28,1601052605087 NA -32,4055406066423 -45,0269024340708
-50,3878556400921 -36,7366556510924 8,62498523431706 -10,6591060861515 NA -48,8086914570178
-40,323705339992 -11,6642637564704 -30,9216611422771 NA -37,6627465324718 -46,7494840491899
1,75062054187294 16,5501230043833 32,4860034502396 -12,0618791227913 NA -43,1470076466456
-15,0720382754593 -10,4124479973128 22,3769581308834 -9,78302945032884 NA -30,6246474890297
NA 57,6345434124355 76,1552356456125 -2,07752640812991 -4,80760431980309 NA
-17,5891957833331 -4,35754383617039 22,4653276886595 -11,6934892667458 -8,63778285073586 -14,6271275658092
NA NA 39,3002734237077 -6,69833177032138 -21,5164040245444 NA
NA 14,585717932621 NA -5,89141246028979 -18,179713688492 NA
8,47177063173687 8,77013259504951 30,3885897131986 -7,28879200476845 -18,8950528573767 NA
-7,01786108135752 3,80393588641825 -3,445766917718 -16,7279167250166 -30,4704703286169 -39,8152632624834
11,7739279662938 25,2141636880024 14,1309455008211 -14,8867259720928 -25,2805974755623 -33,4505449718525
25,2065944211761 53,6098318597739 26,9222238613047 -12,8551166303644 -35,2709284661659 -47,3085500951292
18,6188091654282 7,6672101959767 5,31320230124674 -13,126021616528 -25,8950800377514 -36,3455733893111
45,815468810607 54,0223233199797 82,6683305119686 NA -15,994122528206 -28,9949295849585
43,2644669244418 35,7242515380982 91,2268292613567 0,824329428050829 -2,04074919773667 NA
NA NA 60,8432586290793 -5,83803905788922 -10,831432179555 -20,3830748337708
-19,8523354112813 9,42605731395536 5,01639122819298 -13,3950201775812 NA -29,9867328576774
31,234956560295 21,695763629861 51,9908165211625 0,159528290403694 NA -15,8247219743474
NA 30,0225030544172 NA -9,3230584575437 NA -16,206569419784
45,9176288052111 49,7004295804783 59,9384135658411 -9,36823399406641 -31,6427126979352 -44,2833495635094
-16,0685436394599 -10,8687463689241 49,1251028478959 -2,78507692937282 -10,2746668220931 -22,1374226363962
-50,3187054725269 NA -20,9189244716433 NA -42,4779259063438 -54,1355371108193
NA 68,3680604126196 NA -6,65787449639769 NA -31,4398988341618
2,33712009728814 -2,08342473937853 46,8746942841965 -7,02139714354817 NA -24,2824196023057
6,02173339897826 1,34292643303736 67,0831941542121 -2,550399797733 -11,8963430379952 -24,2547968224644
24,6055427689514 29,3752337570521 82,7013538412073 -2,16245948722905 -2,21565087274993 -11,4093896791477
NA 2,74179606829887 26,6465087582584 NA 6,08301304531583 1,17270484540997
55,7275457142799 NA 50,939222614783 -12,5336047797664 NA -23,3820663864683
