v1_uni_studrich	v2_uni_sem	v3_schul_bula	v3T_schul_foreign	v4_schul_abi	v5_schul_mathkurs	v6_schul_mathnote	v7_kenn_math	v8_kenn_pc	v9_kenn_prog	v10_stat_vornach	v11_stat_int	v12_stat_diffal	v13_stat_diffpers	v14_stat_wich	v15_stat_beruf	v16_kons_notebook	v17_ort_wunsch	v18_ort_zufr	v19_ort_umzug	v20_kons_internet	v21_kons_tv	v22_kons_sport	v23_kons_jeans	v24_kons_rauch	v25_fin_selbst	v26_fin_eltern	v27_fin_studkred	v28_fin_baf	v29_fin_sonst	v29T_fin_sonst	v30_arb_sem	v30T_arb_vfz	v31_sozd_wohn	v32_sozd_distfeki	v33_sozd_sex	v34_sozd_mutters	v34T_sozd_mutters	v35_sozd_franken	v36_sozd_famstand	v37_sozd_ausb	v38_sozd_kgroe	v39_sozd_gewicht	v40_sozd_gebjahr
2	1	5	 	6	1	4	5	3	6	4	2	4	5	4	3	1	1	1	1	2,35	0	2	20	0	5	5	0	90	0	 	 	99	5	2	1	0	Russisch	0	1	0	165	2	1989
3	2	1	 	2	2	3	3	3	5	3	3	4	3	3	3	1	1	1	1	6	2	9	85	0	50	30	0	5	25	 	7	99	5	1,1	0	1	 	1	1	0	170	4	1988
3	4	2	 	3	2	3	3	1	5	3	2	3	3	4	4	0	1	1	1	2	1	0	40	0	50	50	0	0	0	 	0	99	7	,5	0	1	 	0	1	0	179	6	1988
1	1	1	 	3	2	4	4	3	6	4	3	4	4	4	4	1	1	1	1	1,5	2	5	35	0	20	80	0	0	0	 	0	99	5	,5	0	1	 	0	1	1	182	3	1987
1	3	2	 	3	2	3	4	3	5	1	2	4	3	3	3	1	0	1	1	3	3	4	35	0	15	10	0	75	0	 	0	99	1	2	1	1	 	0	1	0	170	2	1988
1	2	2	 	2,6	7	 	2	1	3	1	 	4	 	3	3	1	1	1	1	5	0	1	40	0	0	75	0	0	25	Erspartes	 	99	5	4	0	1	 	0	1	0	186	5	1990
4	2	1	 	3,2	2	1	2	3	3	1,5	3	2	2	4	4	1	1	1	0	2	3	5	40	1	10	20	0	70	0	 	 	99	1	15	0	1	 	1	1	0	178	3	1990
4	2	1	 	3,1	2	2	2	2	3	1	3	4	3	3	3	1	 	1	1	6	2	4	30	0	 	 	 	 	 	 	 	99	7	,2	0	1	 	0	1	0	192	3	1989
5	2	1	 	1,5	1	1	2	5	6	2	2	3	3	2	2	1	0	1	1	1,5	0	20	20	0	20	80	0	0	0	 	3	99	5	,5	1	1	 	0	1	0	170	2	1989
1	2	8	 	3,1	2	1	1	2	6	3	3	3	2	 	5	1	1	1	1	1	3,5	4	40	0	50	25	0	0	25	 	0	99	5	3,5	1	1	 	0	1	0	177	2	1990
4	1	8	 	3	1	3	3	2	3	5	4	3	2	2	2	1	1	1	1	1	,25	1	60	0	25	25	0	50	0	 	0	55	7	10	0	1	 	0	1	0	185	3	1990
3	2	11	 	3	2	3	4	2	3	3	2	4	3	3	2	1	0	1	1	6	0	0	120	0	30	70	0	0	0	 	0	50	3	7	0	1	 	0	1	0	180	3	1987
1	2	1	 	3	5	2	3	3	4	2,5	3	4	4	3	1	1	1	1	0	1	1	8	89	1	50	50	0	0	0	 	15	45	6	45	1	1	 	1	3	1	164	2	1987
5	2	1	 	3,2	2	2	2	2	4	4	3	4	3	5	4	1	0	1	1	2	0	0	30	0	50	0	0	50	0	 	0	45	5	3	1	0	Kurdisch	0	1	0	160	2	1988
1	3	2	 	3,1	 	4	3	3	6	4	2	5	4	2	1	1	0	1	1	3	3	6	 	0	 	 	 	 	 	 	0	42,5	8	,2	0	1	 	0	1	0	176	3	1987
 	2	17	Marokko	 	7	2,5	2	3	4	6	3	3	2	3	3	1	1	1	1	2	1	5	40	0	100	0	0	0	0	 	20	40	6	,3	1	0	Arabisch/Frz	0	1	0	186	3	1982
2	2	1	 	2,4	5	2	2	1	2	4	2	3	3	4	4	1	1	1	1	4	1	20	120	0	40	40	0	20	0	 	12	40	5	,5	0	1	 	1	1	1	183	4	1988
3	4	1	 	2	2	3	3	3	5	2	3	5	5	2	2	1	1	1	0	2	2	5	 	0	70	30	0	0	0	 	10	40	8	40	1	1	 	1	1	0	173	2	1987
7	2	3	 	1,9	2	2	2	2	5	2	3	4	3	4	3	1	1	1	1	3	0	3	50	0	0	0	0	50	50	 	2	40	5	2	1	1	 	0	1	0	159	2	1990
1	2	5	 	2	2	3	5	2	4	4	2	4	4	3	2	1	1	1	1	1	0	4	30	0	20	80	0	0	0	 	2	40	7	2	1	1	 	0	1	1	169	2	1987
1	2	2	 	2,7	1	1,7	2	4	5	2	2	5	3	4	3	1	1	1	1	5	4	2	40	1	20	70	0	0	10	 	0	40	7	2	1	1	 	0	 	0	173	99	1990
5	2	2	 	2,4	2	3	2	2	5	2	1	4	5	3	3	0	1	1	1	1,5	0	3	60	0	70	20	0	10	0	 	0	40	1	1	1	1	 	0	1	0	179	4	1989
3	2	1	 	2	1	2	2	3	5	6	3	5	3	4	3	1	1	1	1	6	0	8	40	0	20	80	0	0	0	 	0	40	7	,7	0	1	 	1	1	0	183	3	1989
1	1	1	 	2,3	5	3	3	3	5	5	1	5	5	3	3	1	1	1	1	2	2	2	40	0	0	100	0	0	0	 	0	40	7	,2	1	1	 	1	1	1	170	3	1988
1	2	8	 	2	2	4	4	 	 	0	1	4	5	3	2	1	0	1	1	3	1	10	100	0	30	70	0	0	0	 	0	40	7	1,1	0	1	 	0	1	1	190	3	1987
1	3	1	 	3	2	4	4	3	4	,5	2	4	5	3	3	0	1	1	0	1,5	1,5	8	50	0	25	25	0	0	50	Kindergeld	0	40	1	13	0	1	 	1	1	1	179	3	1987
1	2	10	 	2	2	3	2	 	6	5	2	3	4	2	2	1	1	1	1	1	1	6	95	0	10	30	0	60	0	 	0	40	5	 	1	1	 	0	1	0	174	2	1989
2	1	1	 	2,5	2	3	3	4	5	4	3	5	4	4	4	1	1	1	0	,5	,5	2	95	0	10	30	0	60	0	 	0	40	6	2	1	1	 	1	1	0	176	2	1988
5	4	6	 	3	1	3	4	3	4	1,5	2	5	4	2	2	1	1	1	1	2	1	2	60	1	0	50	0	50	0	 	0	40	7	 	1	1	 	0	1	0	167	2	1988
1	2	3	 	3	2	2	2	 	3	4,5	4	 	2	4	2	0	1	1	1	6	2	3	50	1	50	50	0	0	0	 	0	40	1	2	1	1	 	0	 	0	161	2	1988
5	2	6	 	1,4	2	3	4	3	5	2	3	4	4	3	2	1	1	0	1	4	0	2	45	0	50	50	0	0	0	 	10	38	7	3	1	1	 	0	1	0	165	2	1988
5	2	2	 	2	1	2	2	4	5	2	3	4	3	3	3	1	1	1	1	1	1	3	50	0	30	70	0	0	0	 	0	38	7	1	1	1	 	0	1	0	166	2	1990
3	2	5	 	1,5	2	2	3	2	6	4	3	4	4	3	3	1	1	1	1	1	1	2,5	40	 	10	90	0	0	0	 	0	38	7	2,5	1	1	 	0	1	0	164	2	1987
1	1	1	 	3	2	4	3	2	4	5	3	4	4	3	3	1	1	1	0	3,5	1,5	9	60	0	15	80	0	0	5	 	12	36	1	8	0	1	 	1	1	1	185	3	1987
3	2	2	 	2,6	1	3	4	3	4	5	3	4	3	4	5	1	1	1	1	1	0	5	60	0	20	80	0	0	0	 	0	36	7	4	1	1	 	0	1	0	172	2	1989
1	2	1	 	2,8	1	3	3	4	6	2	1	4	4	3	4	1	0	 	 	5	5	3	100	0	80	20	0	0	0	 	15	35	7	3	0	1	 	0	1	0	190	4	1988
5	2	1	 	1,8	2	2	4	5	5	3	2	5	5	4	3	1	1	1	1	1,5	1,5	1	40	0	30	0	0	70	0	 	13	35	7	3	1	1	 	0	1	0	172	3	1990
1	2	1	 	1,8	1	2	2	4	6	1	2	4	4	3	2	1	1	1	0	1,5	1	2	60	0	20	80	0	0	0	 	4	35	7	35	0	1	 	1	1	0	190	3	1989
2	1	1	 	2	2	3	3	5	6	1	3	3	3	4	2	1	0	1	1	3	0	3	40	0	20	80	0	0	0	 	0	35	5	3	1	1	 	0	1	0	170	3	1989
3	2	1	 	2,2	4	3	4	2	6	2,5	2	4	4	4	4	1	0	1	1	3	0	2	40	0	30	50	0	0	20	Waisenrente	0	35	7	4	1	1	 	0	1	0	173	3	1985
5	2	1	 	2,5	2	4	5	1	5	2,5	2	4	4	3	2	1	1	1	0	4	2	3	60	0	20	80	0	0	0	 	16	30	1	42	0	1	 	1	1	0	198	4	1989
1	3	6	 	3	2	2	3	4	5	1	3	4	3	4	4	1	0	1	1	2	2	4	90	1	50	50	0	0	0	 	16	30	7	2	1	1	 	0	1	0	168	2	1988
1	2	1	 	2	4	1	2	3	6	1	3	4	4	4	2	1	1	1	1	3,5	1,5	3	80	1	40	60	0	0	0	 	15	30	5	,5	0	1	 	1	1	0	178	3	1989
5	5	1	 	2,8	2	3	2	3	5	2	2	3	3	2	4	1	1	0	1	2	2	6	130	1	0	30	0	70	0	 	15	30	6	2	1	1	 	1	1	0	174	2	1985
1	4	1	 	3,1	1	3	3	2	4	3,5	4	3	2	3	4	1	1	1	0	2,5	1,5	5	20	0	10	90	0	0	0	 	10	30	1	25	1	1	 	1	1	0	160	1	1986
1	4	1	 	2	2	3	3	3	3	4	3	3	2	3	2	1	1	1	1	4	2	3	120	1	30	70	0	0	0	 	6	30	7	,3	1	1	 	1	1	0	167	2	1988
2	2	1	 	2	2	2	2	6	6	2	2	3	4	2	1	1	1	1	1	5	5	3	40	0	0	0	60	40	0	 	0	30	7	2	1	1	 	1	1	0	160	3	1990
3	1	5	 	1,8	2	2	2	4	6	4	3	4	4	5	4	1	1	1	1	2	1	2	70	0	30	70	0	0	0	 	0	30	5	2,5	1	1	 	0	1	0	163	2	1990
1	2	1	 	2	2	3	3	5	6	2	2	4	5	4	4	1	1	1	1	3	2	6	70	0	10	30	0	60	0	 	0	30	5	3	1	1	 	1	1	0	174	2	1989
5	2	1	 	1	2	1	2	3	6	5	3	5	4	3	3	1	1	1	0	1,5	,25	6,5	90	0	10	90	0	0	0	 	0	30	7	40	1	1	 	1	1	0	171	2	1989
1	2	7	 	3	1	3	2	3	5	2	2	3	3	3	2	1	0	1	1	1,5	0	7	160	0	10	90	0	0	0	 	0	27,8	5	2	0	1	 	0	1	0	180	3	1989
5	2	4	 	1,4	2	2	3	5	5	3	2	5	5	4	3	1	0	1	1	4	,5	3	40	1	10	20	 	70	0	 	0	25	5	2	1	1	 	0	1	0	168	2	1989
2	1	6	 	1	2	2	2	3	6	3	3	4	3	4	4	1	1	1	1	2	0	4	25	0	0	0	0	70	30	Kindergeld	0	25	5	,5	1	1	 	0	1	0	167	2	1988
1	2	1	 	2	2	3	4	5	6	1	3	3	4	4	4	1	1	1	0	2	0	8	50	0	60	40	0	0	0	 	16	24	1	30	1	1	 	1	1	0	169	2	1990
9	2	1	 	2,3	5	2	3	4	5	2	3	4	4	4	3	1	1	1	1	2	2	8	30	0	30	20	0	50	0	 	8	24	1	2	0	1	 	0	1	1	187	4	1984
2	1	1	 	2	2	4	5	3	5	10	3	4	5	4	4	0	1	1	0	3	,5	0	30	0	30	70	0	0	0	 	5	22	1	80	1	1	 	1	1	0	165	2	1989
1	4	1	 	2,8	2	3	3	2	6	7	1	5	5	3	1	1	1	 	1	2	1	1	25	0	30	70	0	0	0	 	14	21	7	3	1	1	 	1	1	0	170	2	1988
2	1	1	 	2,9	2	4	4	3	5	2	2	4	4	4	3	1	0	1	0	3	1	0	30	1	20	60	0	20	0	 	18	20	1	1,3	1	1	 	1	1	0	161	1	1988
11	1	1	 	3,1	2	1	1	1	3	3	3	2	2	2	2	1	1	1	0	5	3	0	30	1	70	25	0	0	0	 	12	20	6	15	0	1	 	1	1	0	189	3	1987
3	2	10	 	2,9	2	4	5	3	6	2	3	4	5	2	1	1	0	1	0	4	,25	0	40	0	30	20	50	0	0	 	10	20	8	50	0	1	 	0	1	0	190	4	1988
1	5	17	Tschechische Repu	2,5	1	4	5	5	5	5	1	4	4	2	2	0	 	 	 	2	0	3	30	0	80	20	0	0	0	 	10	20	5	,7	1	0	Tschechisch	0	 	0	172	3	1985
1	2	1	 	2,5	5	2	3	3	4	3	4	3	3	4	5	1	1	1	1	,5	2	6	20	0	5	95	0	0	0	 	2	20	7	2	1	1	 	1	1	1	173	2	1988
2	2	5	 	2,4	2	4	4	4	6	1,5	2	3	4	3	2	1	1	1	1	2	0	2	40	0	10	20	0	70	0	 	0	20	1	,5	1	1	 	0	1	0	168	3	1989
5	2	1	 	2,2	2	4	2	1	6	2,5	4	3	3	4	5	0	0	1	1	2	0	10	60	0	30	10	0	60	0	 	0	20	7	2	0	0	Griechisch	1	1	0	176	3	1987
1	2	1	 	3	2	4	4	3	6	2	1	5	5	3	2	1	1	1	1	2,5	3	4	80	0	20	70	0	0	10	Opa	0	20	7	3	0	1	 	1	1	0	180	2	1989
3	1	3	 	3,2	1	5	3	4	6	4	4	3	2	4	4	1	1	1	1	4	0	6	50	1	80	20	0	0	0	 	0	17	7	6	0	1	 	0	1	0	176	2	1989
11	3	1	 	2,3	4	2,2	1	1	1	4	3	4	5	4	4	1	1	1	1	2	0	2	100	1	0	0	0	0	100	Selbständigkeit	16	16	1	7,5	0	1	 	1	1	0	179	2	1979
2	2	1	 	3,2	1	3	3	1	4	7	3	3	2	4	3	1	1	1	1	3	0	7	50	0	20	80	0	0	0	 	10	16	7	1	0	1	 	 	1	0	182	3	1987
1	4	1	 	1,7	5	2	3	3	6	3	3	4	3	2	2	1	1	1	1	4	4	2	30	0	40	30	0	30	0	 	10	16	5	2	1	1	 	1	1	1	168	2	1986
3	2	5	 	1,8	2	2	3	3	6	2	2	4	4	4	1	1	1	1	1	2	0	2	60	1	20	30	50	0	0	 	6	16	 	1,5	1	1	 	0	1	0	169	2	1988
1	1	1	 	2	2	3	4	4	6	1,5	3	4	4	3	4	1	1	1	1	1	0	3	120	0	80	20	0	0	0	 	10	15	5	2	1	1	 	0	1	1	169	2	1982
1	1	1	 	3	2	4	4	3	5	2	3	4	4	2	2	1	0	1	1	,5	1,5	1,5	50	1	25	75	0	0	0	 	8	15	5	4	1	1	 	1	1	0	160	3	1989
3	1	1	 	2,4	2	4	5	3	5	3	1	3	4	3	3	1	0	1	1	2	0	4	40	 	50	30	20	0	0	 	5	15	7	1,5	1	1	 	1	1	0	165	2	1989
11	2	1	 	3	5	4	3	1	3	4	3	3	3	2	3	0	1	1	0	4	0	5,5	50	0	40	10	50	0	0	 	5	15	7	4	1	1	 	0	1	1	165	2	1982
1	2	2	 	3	1	2	2	3	1	1	3	2	3	4	3	1	1	1	1	4	1	9	30	0	20	80	0	0	0	 	0	15	5	2	0	1	 	0	1	0	171	3	1989
2	1	1	 	4	4	4	3	4	5	6	4	4	5	4	4	1	0	1	0	1	1	0	30	0	40	60	0	0	0	 	6	14	6	70	1	1	 	0	1	 	158	2	1986
1	4	2	 	 	2	 	4	2	4	7	1	4	4	1	1	1	1	1	1	2	2	7	20	0	20	80	0	0	0	 	12	13	6	1	0	1	 	0	1	0	198	4	1988
3	2	3	 	3,7	2	3,7	3	4	4	6	2	4	4	5	4	1	1	1	1	2	0	4	90	0	40	0	0	60	0	 	12,5	12,5	7	,8	0	1	 	0	1	1	183	3	1985
1	4	1	 	2	5	3	3	2	5	2	3	4	3	3	2	1	1	1	1	2	1	4	50	1	50	50	0	0	0	 	12,5	12,5	5	2	1	1	 	1	1	1	166	2	1986
1	4	1	 	2,1	2	4	4	3	6	3,5	3	3	4	4	4	1	1	1	0	3	2	8	50	0	70	30	0	0	0	 	7	12	6	52	1	1	 	1	1	0	170	3	1988
5	2	1	 	2	2	3	5	2	5	6	1	5	4	2	2	1	1	1	0	1	0	7	10	0	10	90	0	0	0	 	11,5	11,5	1	17	1	1	 	1	1	1	173	3	1987
1	2	1	 	3,1	2	3	3	4	5	2	4	3	3	4	4	1	0	1	0	5	2	0	20	0	50	40	0	10	0	 	11,5	11,5	7	50	1	1	 	0	1	1	169	2	1987
1	1	1	 	 	4	3,5	4	3	6	4	3	 	 	4	4	1	1	1	0	,5	2	2	35	1	40	10	0	50	0	 	10	10	7	1	0	1	 	1	1	1	178	4	1978
3	2	4	 	2,5	2	3	4	4	6	5	1	5	5	3	3	1	1	1	1	4	4	2	99	0	20	80	0	0	0	 	8	10	7	1,5	0	1	 	0	1	0	185	3	1989
1	4	1	 	1,6	2	2	3	3	6	4	3	4	4	3	3	1	1	1	1	3	1	3	15	0	30	50	0	20	0	 	5	10	5	2	1	1	 	1	1	0	174	2	1989
1	4	1	 	2,3	1	2	2	3	6	3	3	4	3	3	3	1	1	1	1	3	2	4	25	0	30	20	0	50	0	 	5	10	5	2	1	1	 	1	1	0	167	2	1989
1	3	1	 	2	2	1	2	3	5	4	3	4	4	3	3	1	1	1	0	4	1	2	120	0	25	25	0	50	0	 	4	10	1	65	1	1	 	1	1	0	166	2	1989
3	1	3	 	2,6	2	5	5	3	5	6	2	4	5	4	3	1	1	1	0	1	1	1	30	0	70	30	0	0	0	 	0	10	1	52	0	1	 	0	1	0	182	4	1990
1	1	6	 	2,7	2	2	3	3	4	2	3	4	4	3	3	1	0	1	1	2	,5	4	150	0	5	70	0	20	5	 	0	10	7	,7	0	1	 	0	1	1	192	4	1987
3	2	2	 	2,3	7	4,5	6	4	6	6	1	5	5	1	1	1	1	1	1	3	3	5	40	0	0	20	0	0	80	Erbe	0	8	5	3,5	1	1	 	0	1	0	167	2	1990
5	2	1	 	2,2	2	4	4	2	5	2	3	4	 	3	3	1	0	1	1	2	1	0	120	 	0	100	0	0	0	 	0	8	7	1,5	1	1	 	0	1	0	170	2	1989
3	2	1	 	2,2	2	4	5	3	6	3	2	5	5	4	3	1	1	1	1	2	0	2	50	0	50	50	0	0	0	 	7	7	7	1	0	1	 	1	1	0	189	3	1990
1	2	1	 	1,9	2	2	2	3	5	 	3	4	4	4	4	1	1	1	0	1,5	2	2	60	0	50	50	0	0	0	 	6	6	1	8	1	1	 	1	1	0	163	1	1989
3	2	1	 	3	2	4	5	4	6	2,5	2	5	5	3	2	1	1	1	0	2	1	10	49	0	50	50	0	0	0	 	5	5	1	30	0	1	 	1	1	0	178	4	1985
1	7	2	 	2,7	2	3	4	3	4	3	4	3	4	3	4	1	1	1	1	2	1	2	50	0	50	50	0	0	0	 	5	5	5	1	1	1	 	0	1	1	178	2	1982
1	2	7	 	3,5	1	3	3	4	6	1	3	5	4	3	3	1	1	1	1	2	1	6	70	0	5	95	0	0	0	 	0	5	7	3,5	1	1	 	0	1	0	168	3	 
1	2	3	 	2	2	2	3	3	3	1	3	4	4	3	2	1	1	1	1	2	1,5	1	30	0	40	60	0	0	0	 	0	5	6	20	1	1	 	1	1	0	165	2	1990
1	2	2	 	2	1	3	4	3	3	1	1	4	4	3	3	1	1	1	1	1	2	7	60	0	0	100	0	0	0	 	0	5	7	2,5	1	1	 	1	1	0	164	2	1988
1	2	1	 	2,8	1	5	2	4	6	2	3	5	4	2	1	1	1	1	1	4	3	12	40	0	30	10	0	60	0	 	4	4	5	1,4	0	1	 	1	1	0	198	5	1989
4	2	1	 	1,8	2	1,7	2	4	3	2	4	3	3	3	4	1	1	1	0	3	2	10	60	0	30	70	0	0	0	 	4	4	1	15	0	1	 	1	1	0	192	3	1989
1	1	1	 	3	2	3	4	3	6	3	3	3	4	3	2	1	1	1	0	1	2	1	40	0	80	20	0	0	0	 	4	4	1	26	1	1	 	1	1	1	157	2	1987
4	2	1	 	2,8	2	3	3	2	3	1,5	3	3	2	2	2	1	1	1	0	2,5	3	9	30	1	40	60	0	0	0	 	2	4	1	3	0	1	 	1	1	0	183	4	1989
2	1	1	 	4	2	4	3	2	4	4	2	4	4	3	2	1	1	1	0	2	2	3	35	0	0	100	0	0	0	 	0	3	1	25	1	1	 	1	1	0	164	2	1990
1	4	1	 	2,9	2	3	3	3	5	3	3	3	3	3	2	1	1	1	0	1	2	3	70	0	60	40	0	0	0	 	2	2	1	20	1	1	 	1	1	1	176	2	1983
1	2	1	 	2	4	3	3	1	5	1	3	4	4	3	2	1	1	1	1	2	,5	1	15	0	10	90	0	0	0	 	1	2	6	,5	0	1	 	0	1	0	180	3	1988
1	2	5	 	3	2	3	3	3	5	 	3	3	4	2	2	1	1	1	1	3	6	0	60	1	0	100	0	0	0	 	7	1,5	1	1	0	1	 	0	1	1	173	99	1987
3	4	11	 	2	2	3	3	2	4	2	3	4	4	4	3	1	1	1	1	5	0	5	120	0	0	100	0	0	0	 	30	0	7	1	0	1	 	0	1	0	179	3	1989
1	2	2	 	3	2	4	4	6	5	4	3	3	4	4	3	1	0	1	1	10	0	0	20	1	20	80	0	0	0	 	25	0	5	,5	1	1	 	0	1	0	171	3	1988
5	4	1	 	2,8	2	1,7	2	3	3	2	2	3	2	1	3	1	1	1	0	3	1	10	60	0	40	0	0	40	20	 	15	0	 	 	0	1	 	1	1	0	188	4	1989
1	1	1	 	2	2	3	4	2	5	2	3	3	3	3	3	1	0	1	0	3	2	5	30	0	50	50	0	0	0	 	15	0	1	3	1	1	 	1	1	0	158	2	1988
3	2	3	 	2,2	2	2	2	2	5	3	3	4	3	4	2	1	1	1	1	1	0	3	40	0	0	20	0	80	0	 	14	0	5	,5	1	1	 	 	1	0	166	3	1990
2	1	1	 	3	2	4	4	4	6	2,5	3	4	4	5	4	1	0	1	1	2	4	2	55	1	25	75	0	0	0	 	13	0	7	3,5	0	1	 	0	1	0	180	3	1985
5	4	1	 	3,1	2	2	3	3	4	 	3	3	4	3	3	1	1	1	0	5	3	5	160	0	20	30	0	50	0	 	12	0	1	60	0	0	Türkisch	1	1	0	178	4	1988
1	2	1	 	2,8	1	 	3	4	6	 	2	3	3	4	4	1	1	1	1	2	3	1	40	0	50	50	0	0	0	 	12	0	7	1	1	1	 	1	1	0	168	2	1989
3	2	17	Kasachstan	1,7	2	2	4	3	5	10	3	4	4	2	2	1	1	1	1	2	0	5	10	0	30	70	0	0	0	 	12	0	5	2	1	0	Kasachisch	0	1	0	175	2	1987
1	6	1	 	3	2	4	5	4	4	2	2	5	5	3	3	1	1	1	0	3	1,5	2	20	1	90	10	0	0	0	 	12	0	1	10	1	1	 	1	1	0	164	2	1986
1	4	1	 	3,1	1	 	2	1	2	1,5	3	4	4	3	2	1	1	1	1	5	3	1	60	0	20	0	0	80	0	 	5	0	6	,2	0	1	 	1	1	0	186	4	1988
3	2	6	 	2,5	2	3	4	3	6	2	3	4	4	3	2	1	1	1	1	2	1	5	50	0	5	95	0	0	0	 	5	0	5	1,5	1	1	 	0	1	0	172	3	1989
1	2	2	 	2,9	1	1,7	3	1	5	,25	2	3	3	4	3	1	0	1	1	4	1	4	69	0	0	100	0	0	0	 	0	0	 	2	0	1	 	0	1	0	190	99	1990
1	2	1	 	3	4	3	3	2	2	4	3	5	4	4	4	0	1	1	1	1,5	4	3	18	0	0	5	0	95	0	 	0	0	7	3	1	1	 	0	1	0	163	99	1990
2	2	1	 	1,8	2	3	3	3	6	2	3	3	3	4	4	1	1	1	1	4	0	1	40	0	10	90	0	0	0	 	0	0	7	3	1	1	 	0	1	0	170	6	1990
1	2	1	 	3,1	2	4	4	2	5	2	1	4	3	1	1	1	1	1	1	3	4	3	90	0	0	75	0	0	25	Oma	0	0	7	10	0	1	 	0	3	0	203	6	1989
1	1	1	 	2,3	4	3	4	3	5	2	2	5	5	3	2	1	1	1	1	3	2	3	20	0	10	90	0	0	0	 	0	0	5	2	0	1	 	1	1	0	196	6	1989
4	2	1	 	3	2	3	3	2	3	 	3	3	3	3	3	1	1	1	1	5	3	1	50	0	50	50	0	0	0	 	0	0	5	5	0	1	 	1	1	0	175	6	1987
 	2	1	 	2	2	5	5	3	4	2	2	5	5	5	4	1	1	1	1	,5	2	1	20	1	0	100	0	0	0	 	0	0	1	5	0	1	 	0	1	0	188	5	1990
3	2	1	 	2,5	1	3	4	3	5	10	2	5	5	3	3	1	1	1	1	5	1	8	0	0	20	80	0	0	0	 	0	0	5	1	0	1	 	1	1	0	185	5	1990
4	2	1	 	2	4	2	5	2	3	1,5	1	4	4	2	2	1	1	1	1	4	4	0	15	0	20	80	0	0	0	 	0	0	5	2	0	1	 	1	1	0	192	5	1989
5	2	1	 	2,1	2	3	5	2	5	2	2	4	5	3	2	1	0	1	1	1	2	3	50	0	0	60	0	40	0	 	0	0	5	,5	1	1	 	0	1	0	167	5	1989
1	3	1	 	3	2	4	4	2	5	3	3	3	3	3	2	1	1	1	1	3	1	4	50	0	0	100	0	0	0	 	0	0	8	10	0	1	 	0	1	0	178	5	1987
1	5	1	 	3	2	4	5	2	6	5	1	5	5	2	2	1	1	0	0	5	0	3	50	0	0	50	0	50	0	 	0	0	1	6	0	1	 	1	1	0	180	5	1985
3	2	11	 	3	2	3	4	2	4	 	4	4	4	4	4	1	1	1	1	2	2	2	80	1	0	 	 	 	0	 	0	0	7	,2	0	1	 	0	1	0	183	5	1983
3	4	4	 	3	2	4	5	2	6	3	1	4	5	2	2	1	0	1	1	3	4	2	30	0	0	95	0	5	0	 	0	0	7	,5	0	1	 	0	1	0	185	5	 
2	1	5	 	3	2	3	3	2	2	3	4	4	4	3	4	1	1	1	1	1,5	,5	8	60	0	0	20	60	20	0	 	0	0	8	,5	0	1	 	0	1	0	186	4	1990
11	2	1	 	2,1	4	2	2	1	2	4	3	3	3	3	4	1	1	1	0	3	0	2	60	0	0	30	0	70	0	 	0	0	1	15	1	1	 	1	1	0	179	4	1990
1	1	7	 	2,9	1	2	3	3	4	2	4	3	3	4	3	0	0	1	1	4	0	7	120	1	0	15	0	80	5	Goßeltern	0	0	5	1	0	0	Griechisch	0	1	0	175	4	1990
1	1	7	 	3,3	2	4	3	3	4	2	4	4	4	4	4	1	1	1	1	2	1	7	80	0	30	70	0	0	0	 	0	0	7	1	0	0	Chinesisch	0	1	0	172	4	1989
2	1	1	 	3,1	1	2	2	5	5	5	4	4	2	4	4	0	1	1	1	2	1	1	20	1	10	90	0	0	0	 	0	0	7	2	0	1	 	1	1	0	192	4	1988
11	2	1	 	3,4	1	3	1	1	2	1	3	1	1	4	4	1	1	1	0	5	,5	3	20	1	0	100	0	0	0	 	0	0	1	8	0	1	 	1	1	0	190	4	1988
5	2	1	 	2,7	1	3	3	4	6	1	2	4	3	3	4	1	1	1	1	4	0	8	50	0	20	20	0	60	0	 	0	0	5	4	0	1	 	1	1	0	190	4	1988
1	2	1	 	2	1	3	3	2	4	2	1	5	5	2	2	1	1	1	1	1	1	1	60	0	80	0	0	0	20	 	0	0	7	2,5	0	1	 	1	1	0	185	4	1988
3	2	6	 	3,3	2	3	4	3	5	2	2	4	4	3	3	1	0	1	1	4	2	2	100	0	30	70	0	0	0	 	0	0	7	2	0	1	 	0	1	0	181	4	1988
3	2	1	 	2,9	2	3	5	4	6	3	2	4	5	3	2	1	1	1	0	2	2	0	 	1	0	100	0	0	0	 	0	0	1	13	0	1	 	1	1	0	178	4	1988
1	4	5	 	3,3	2	3	5	2	4	2	2	4	4	3	3	1	1	1	1	5	,5	0	90	0	0	100	0	0	0	 	0	0	5	1	0	1	 	0	1	0	178	4	1988
1	2	1	 	2,8	5	2	5	5	6	3	2	5	5	1	1	1	1	1	1	4	0	3	60	0	0	100	0	0	0	 	0	0	5	,6	1	1	 	1	1	1	174	4	1988
3	2	17	USA	2,9	2	2	2	2	3	2,5	2	2	3	3	3	1	1	1	1	2	0	4,5	50	0	0	100	0	0	0	 	0	0	7	1,5	0	1	 	0	1	0	198	4	1987
3	2	2	 	2,5	1	2,5	2	4	5	2	3	2	2	3	4	0	1	1	1	3	1	6	20	0	0	100	0	0	0	 	0	0	5	2	0	1	 	0	1	0	185	4	1987
11	1	1	 	1,3	2	1	2	2	4	4	3	4	3	3	3	1	1	1	0	5	3	5	35	0	10	90	0	0	0	 	0	0	1	5	0	1	 	1	1	0	180	4	1987
3	2	7	 	2,9	2	2	3	2	5	3	2	5	4	3	3	1	1	1	1	2	1	3	50	0	0	100	0	0	0	 	0	0	7	5	0	1	 	0	1	0	170	4	1987
1	1	1	 	3	2	4	5	4	6	3,5	3	5	5	3	3	1	1	1	1	1	2	1	70	1	100	0	0	0	0	 	0	0	7	1	0	1	 	0	1	1	190	4	1986
1	4	1	 	3	2	2	3	2	3	5	4	5	4	4	4	1	1	1	1	2,5	5	6	90	0	30	70	0	0	0	 	0	0	7	1	0	1	 	1	1	0	186	4	1986
2	2	1	 	3,3	2	5	5	2	4	2	2	3	3	3	4	1	0	1	1	3	,5	4	 	0	 	 	 	 	 	 	0	0	7	 	1	0	Französisch	0	3	1	191	4	1983
1	1	1	 	3	5	2	2	2	5	1	4	5	5	3	3	1	1	1	0	2,5	2	1	10	0	0	30	0	70	0	 	0	0	8	2	0	1	 	1	1	1	185	4	1982
5	3	1	 	3,3	2	2,7	3	3	5	2	3	4	4	4	4	1	1	1	1	5	0	0	50	1	0	0	0	100	0	 	0	0	7	2	0	0	Ukrainisch	0	1	0	184	4	1982
11	2	1	 	1,8	1	2,5	3	1	2	5	4	5	4	5	5	1	1	1	1	3	1	4	20	0	0	0	0	100	0	 	0	0	6	2	0	1	 	1	2	1	184	4	1977
1	4	2	 	2	1	2	2	3	4	2	3	3	3	4	3	1	0	1	1	2	1	18	70	0	20	80	0	0	0	 	0	0	7	3	0	1	 	0	2	0	184	4	 
1	2	1	 	2	4	2	3	3	4	2	2	3	3	3	3	1	1	1	0	1	3	0	50	0	0	100	0	0	0	 	0	0	1	40	0	1	 	1	1	0	184	3	1990
4	1	1	 	2	2	3	3	2	5	5	4	3	3	2	2	1	1	1	1	8	,5	5	50	0	0	100	0	0	0	 	0	0	5	6	0	1	 	1	1	0	180	3	1990
2	1	1	 	3	2	4	4	5	6	6	4	3	3	3	4	0	1	1	1	4	0	2	30	0	0	100	0	0	0	 	0	0	7	1	0	1	 	0	1	0	175	3	1990
4	2	1	 	2	4	2	3	4	4	2	3	4	4	3	2	1	1	1	0	4	4	0	60	0	0	100	0	0	0	 	0	0	1	30	1	1	 	1	1	0	170	3	1990
1	2	8	 	2,9	2	2	3	2	5	1	3	4	3	3	4	1	1	1	1	3	5	0	100	1	0	100	0	0	0	 	0	0	7	2,8	0	1	 	0	1	0	169	3	1990
 	2	17	USA	3	2	2	2	2	6	4	3	5	4	4	4	1	1	1	1	4	0	2	30	0	0	100	0	0	0	 	0	0	7	1,5	0	1	 	0	1	0	190	3	1989
5	2	1	 	2	2	2	3	4	6	1	2	3	3	3	3	1	1	1	1	1	,5	2	40	1	10	90	0	0	0	 	0	0	5	3	0	1	 	1	1	0	187	3	1989
4	2	1	 	3	2	3	3	2	3	2	4	3	3	4	4	1	1	1	0	2	1	6	50	0	0	80	0	0	20	 	0	0	1	33	0	1	 	1	1	0	180	3	1989
1	2	6	 	2,3	1	3	3	3	6	3	3	4	3	4	3	1	0	1	1	2	1	4	40	0	0	100	0	0	0	 	0	0	5	2,5	1	1	 	0	1	0	179	3	1989
2	1	6	 	3	2	4	3	3	5	4	4	3	3	5	4	1	1	1	1	3	1	7	20	 	20	80	0	0	0	 	0	0	7	1,5	0	1	 	0	1	0	179	3	1989
1	4	8	 	2,3	2	3	4	4	6	 	2	5	5	3	4	1	0	1	1	2	1	2	70	0	0	100	0	0	0	 	0	0	8	3	1	1	 	0	1	0	177	3	1989
1	2	2	 	3	2	2	3	4	5	3	2	3	3	4	4	1	1	1	1	3	2	2	40	1	0	0	0	60	40	Ferienjobs	0	0	7	10	1	0	Russisch	0	1	0	176	3	1989
1	1	2	 	3	2	3	3	3	4	5	3	4	3	4	4	1	1	1	1	7	7	1	25	1	0	100	0	0	0	 	0	0	7	1	1	1	 	0	1	0	175	3	1989
5	2	4	 	3	1	5	3	3	6	2	3	3	2	2	4	1	1	1	1	8	0	4	80	1	0	100	0	0	0	 	0	0	5	2	1	1	 	0	1	0	174	3	1989
1	2	1	 	2,3	2	2,5	3	3	6	3	3	4	4	4	2	1	0	1	1	2	2	4	35	0	0	100	0	0	0	 	0	0	5	1,5	1	1	 	1	1	0	173	3	1989
2	1	11	 	4	2	4	5	3	5	2	1	2	1	3	2	1	0	1	1	2	2	3	90	0	10	50	0	0	40	Oma	0	0	7	4	1	1	 	1	1	0	168	3	1989
4	2	1	 	3	2	3	3	2	2	2	3	4	4	3	2	1	1	1	0	5	3	1	 	0	20	80	0	0	0	 	0	0	1	33	0	1	 	1	1	0	180	3	1988
4	2	1	 	2,3	1	4	3	2	2	2	4	5	5	5	3	1	1	1	1	3	,5	10	100	0	0	100	0	0	0	 	0	0	5	5	0	1	 	1	1	0	180	3	1988
2	1	11	 	4	2	4	5	3	5	0	3	3	4	4	3	1	1	1	1	1,5	,8	3	70	0	0	100	0	0	0	 	0	0	5	,3	0	1	 	0	1	0	178	3	1988
3	2	1	 	2,6	2	4	6	1	6	3	3	5	5	4	4	1	1	1	1	3,5	3	10	4	1	0	100	0	0	0	 	0	0	7	10	0	1	 	1	1	0	176	3	1988
3	4	5	 	2,8	2	1	5	5	6	4	2	4	5	3	3	1	0	1	1	,5	3	0	40	0	0	100	0	0	0	 	0	0	6	2	1	1	 	0	1	0	173	3	1988
1	2	2	 	2,6	2	3	3	2	5	2	3	4	3	2	3	1	1	1	1	2	0	6	50	0	0	100	0	0	0	 	0	0	5	3	0	1	 	0	1	0	173	3	1988
5	2	5	 	2,1	1	2	2	2	3	2	3	4	3	4	3	1	1	1	1	3	,5	2	25	0	0	0	0	100	0	 	0	0	5	2,5	1	0	Russisch	0	1	0	173	3	1988
1	4	8	 	3,1	2	3	3	2	3	4	3	3	2	3	3	0	1	1	1	3	2	4	30	0	0	0	0	100	0	 	0	0	 	,6	0	1	 	0	1	0	169	3	1988
1	4	5	 	2,3	2	2	3	5	5	3	3	4	4	4	3	1	1	1	1	8	1	5	 	0	0	100	0	0	0	 	0	0	5	4	0	1	 	0	1	0	180	3	1987
3	2	6	 	3	2	4	4	2	5	2	3	3	4	4	3	0	1	1	1	2	,5	4	120	1	0	25	0	50	25	 	0	0	7	2,5	0	1	 	0	1	0	180	3	1987
5	2	1	 	1,9	2	1	5	2	3	2	3	5	5	4	3	1	1	1	1	1	1,5	2	20	0	0	100	0	0	0	 	0	0	5	13	1	1	 	1	1	1	179	3	1987
3	1	7	 	3,5	1	4	3	3	5	3	4	4	3	4	4	1	0	1	1	1	2	0	60	1	50	50	0	0	0	 	0	0	7	1,5	1	1	 	0	1	0	178	3	1987
1	2	1	 	1,8	5	2	2	5	5	3,5	3	5	4	3	1	1	1	1	1	2,5	1	4	30	0	10	70	0	20	0	 	0	0	8	1	0	1	 	0	1	1	176	3	1986
4	1	17	Russland	2,1	1	2	2	2	 	2	4	3	2	3	4	1	1	1	0	1	1	0	15	0	100	0	0	0	0	 	0	0	6	6	1	0	Russisch	0	2	 	174	3	1984
4	2	1	 	2,1	2	3	3	1	2	4	3	3	3	3	3	1	1	1	1	5	0	2	50	0	0	0	0	100	0	 	0	0	7	1	0	1	 	1	1	0	186	3	 
4	1	1	 	2	1	1	1	1	1	2	4	2	2	4	4	1	1	1	1	 	0	1	60	0	5	95	0	0	0	 	0	0	7	1	0	1	 	0	1	0	173	2	1990
3	2	1	 	1,3	2	2	3	3	5	2	2	4	3	2	1	1	1	1	0	3	3	5	20	0	0	100	0	0	0	 	0	0	1	10	1	1	 	1	1	0	170	2	1990
11	2	1	 	3,1	2	3	3	2	2	2	2	4	4	3	3	1	1	1	0	1,5	1	3,5	30	0	0	100	0	0	0	 	0	0	1	50	0	1	 	1	1	0	168	2	1990
1	2	3	 	2	1	3	3	2	4	2	3	4	4	4	3	1	1	1	1	2,5	1,5	1	30	0	30	70	0	0	0	 	0	0	7	20	1	1	 	0	1	0	165	2	1990
7	2	2	 	2,1	 	2	2	3	5	2	3	4	3	4	3	1	1	1	1	3	0	3	70	0	0	50	0	0	50	 	0	0	5	2	1	1	 	0	1	0	157	2	1990
1	2	1	 	2,8	2	3	5	3	5	5	3	4	3	2	3	0	1	1	1	5	4	3	80	0	0	40	0	60	0	 	0	0	7	5	0	1	 	1	 	0	200	2	1989
1	2	1	 	1,8	2	2	2	2	3	 	4	3	3	4	4	1	1	1	0	3	,5	15	80	0	50	50	0	0	0	 	0	0	1	20	0	1	 	1	1	0	183	2	1989
4	2	1	 	2	1	2	1	2	3	2	3	4	3	3	4	1	1	1	1	5	0	1	40	0	10	20	0	70	0	 	0	0	5	5	0	1	 	1	1	0	180	2	1989
4	2	1	 	1	2	1	2	1	2	2	4	4	4	3	3	1	1	1	1	2	,5	2	35	0	0	100	0	0	0	 	0	0	7	1	0	1	 	1	1	0	179	2	1989
1	2	8	 	2,9	1	3	3	3	4	2	3	3	2	3	3	1	1	1	1	2	4	0	119	0	0	100	0	0	0	 	0	0	7	2,5	1	1	 	0	1	0	173	2	1989
1	2	1	 	2,3	5	2	2	3	4	4	3	3	3	2	2	0	1	1	1	3	,5	0	25	0	0	50	0	50	0	 	0	0	7	3	1	1	 	0	1	1	172	2	1989
2	2	1	 	3	2	5	5	3	5	3	2	3	4	4	3	1	0	1	0	3	2	2	20	0	0	25	0	75	0	 	0	0	6	40	1	1	 	1	1	0	172	2	1989
1	2	1	 	3	2	2	4	4	6	6	3	3	5	3	3	1	1	0	1	8	0	3	120	1	0	100	0	0	0	 	0	0	7	3	1	1	 	1	1	0	170	2	1989
1	2	6	 	2,6	1	1	2	4	5	 	3	2	3	4	4	1	0	1	1	2	1	3	30	1	0	100	0	0	0	 	0	0	5	1	1	1	 	0	1	0	170	2	1989
4	2	1	 	2	2	2	2	2	3	3	3	3	3	3	2	1	1	1	0	3	4	2	50	0	0	100	0	0	0	 	0	0	1	9	1	1	 	1	1	0	168	2	1989
1	1	2	 	3,4	2	4	4	4	6	 	3	4	4	4	4	1	1	1	1	1	1	4	25	0	0	10	0	90	0	 	0	0	7	3	1	1	 	0	1	0	165	2	1989
5	4	5	 	1,9	2	2	3	3	6	2	2	4	4	3	3	1	0	1	1	2	2	2	50	0	0	100	0	0	0	 	0	0	5	,5	1	1	 	0	1	0	165	2	1989
1	1	3	 	3	2	5	4	3	4	4	3	4	4	4	3	1	1	1	1	5	0	3	10	1	0	100	0	0	0	 	0	0	5	2	1	1	 	0	1	1	163	2	1989
1	4	2	 	2,6	3	2	2	3	5	3	3	4	4	3	2	1	1	1	1	4	5	1	34	0	0	0	0	80	20	Kindergeld	0	0	1	,5	1	1	 	0	1	0	162	2	1989
5	4	1	 	2,4	2	3	5	3	6	1	1	5	5	2	2	1	1	1	0	1	1	2	60	0	50	50	0	0	0	 	0	0	1	 	1	1	 	1	1	1	161	2	1989
2	2	4	 	2	2	2	4	5	6	2,5	1	5	5	2	2	1	1	1	1	4	3	2	30	0	0	100	0	0	0	 	0	0	8	1	1	1	 	0	2	0	160	2	1989
11	1	1	 	2,8	1	2	2	4	4	4	3	3	3	2	4	1	1	1	0	4	,5	4	60	0	0	100	0	0	0	 	0	0	1	4	0	1	 	1	1	0	172	2	1988
5	2	2	 	1	1	1	2	2	5	1	3	3	3	4	4	1	0	1	1	2	1,5	1,5	65	0	20	80	0	0	0	 	0	0	 	4	1	1	 	0	1	0	171	2	1988
3	2	1	 	2	4	3,5	5	1	6	2	3	4	4	3	3	1	1	1	1	3	2	1	30	0	0	20	0	80	0	 	0	0	6	1,5	1	1	 	1	1	1	170	2	1988
2	1	7	 	3	1	4	3	1	5	2	3	4	3	5	5	0	1	1	1	3	2	0	80	1	25	25	25	25	0	 	0	0	7	10	0	1	 	0	1	0	170	2	1988
3	2	5	 	2,6	2	3	4	3	5	5	2	4	4	4	3	1	0	1	1	2	2	15	50	0	10	90	0	0	0	 	0	0	7	4,5	 	1	 	0	1	0	169	2	1988
1	4	1	 	3	1	3	3	5	6	4	2	5	5	1	1	1	1	1	1	3	3	3	60	0	0	100	0	0	0	 	0	0	6	,2	1	1	 	0	1	0	168	2	1988
1	2	3	 	2	2	3	3	4	4	2	2	4	3	3	3	1	1	1	1	1	2	1	40	0	0	50	0	50	0	 	0	0	6	5	1	1	 	1	1	0	167	2	1988
1	1	1	 	1,8	1	3	3	5	6	4	3	4	4	4	4	1	1	1	1	3	3	4	80	1	10	60	0	30	0	 	0	0	7	2	1	1	 	1	1	0	166	2	1988
5	2	8	 	2,5	2	3	3	3	4	3	4	3	2	5	3	1	0	1	1	2	1	3	50	 	0	100	0	0	0	 	0	0	5	,1	1	1	 	0	1	0	166	2	1988
5	2	2	 	2,6	1	3	3	3	5	1,5	3	4	4	2	3	1	1	1	1	2,5	1,5	1	30	0	0	100	0	0	0	 	0	0	7	10	1	1	 	0	1	0	165	2	1988
2	1	6	 	3	2	2	3	4	6	3	2	5	4	4	4	1	0	1	1	2	1,5	2	115	0	0	100	0	0	0	 	0	0	5	2,5	1	1	 	0	1	0	165	2	1988
1	2	7	 	3	2	2	2	2	3	3	4	3	2	3	3	1	0	1	1	,5	3	3	40	0	67	33	0	0	0	 	0	0	7	2	1	1	 	0	1	1	153	2	1988
2	1	6	 	2,3	7	2	2	5	6	4	4	2	1	5	4	0	1	1	1	3	,5	3	70	1	0	100	0	0	0	 	0	0	7	5	0	1	 	1	1	0	170	2	1987
1	2	1	 	2,3	7	3	6	2	6	4	3	4	4	1	2	1	1	1	1	2	2	2	40	0	100	0	0	0	0	 	0	0	7	3	1	1	 	1	1	1	168	2	1987
5	2	3	 	2,2	1	1	2	4	6	3	2	5	4	3	3	1	0	1	1	1	0	3	30	1	0	0	0	100	0	 	0	0	5	2	1	1	 	0	1	1	168	2	1987
1	2	1	 	2,4	2	4	5	2	3	2	2	3	3	2	2	1	0	1	1	2	2	4,5	25	0	0	50	0	50	0	 	0	0	5	2	1	1	 	0	1	0	168	2	1987
5	4	17	Moldawien	1,7	2	2	4	3	5	10	1	4	4	3	2	1	1	1	1	5	0	2	15	0	0	100	0	0	0	 	0	0	7	2	1	0	Rumänisch	0	1	1	170	2	1986
4	 	17	China	 	2	 	3	5	4	2	4	3	4	4	1	1	1	1	1	,5	0	30	0	0	100	0	0	0	0	 	0	0	6	 	0	0	Chinesisch	0	1	0	170	2	1985
5	2	4	 	2	2	2	3	2	3	 	3	4	3	4	2	1	1	1	1	2	2	2	20	0	0	0	0	100	0	 	0	0	6	3	1	1	 	0	1	1	173	2	1984
5	2	16	 	1,9	2	3,4	4	3	6	2	3	4	3	3	2	1	1	1	1	1	0	4	70	0	0	10	10	80	0	 	0	0	5	3	1	1	 	0	1	1	165	2	1984
1	4	1	 	2,6	2	3	3	4	6	3,5	3	4	5	4	4	1	1	0	1	,5	1	10	70	0	0	60	40	0	0	 	0	0	5	1	1	0	Dari	0	1	0	156	1	1988
1	4	1	 	1,9	2	1	2	4	6	2	3	3	3	4	4	1	1	1	1	3	2,5	3	30	0	20	80	0	0	0	 	0	0	5	2,5	1	1	 	1	1	0	153	1	1988
1	1	8	 	3	2	1	3	4	6	3	3	4	4	4	4	1	1	1	1	,75	,5	1,5	80	0	0	100	0	0	0	 	0	0	7	3	1	0	Türkisch	0	1	0	160	1	1987
1	4	1	 	3,1	2	5	4	5	6	3	2	5	5	1	1	1	1	1	1	3	3	4	50	1	0	100	0	0	0	 	0	0	7	,2	1	1	 	1	1	1	163	1	1986
1	2	1	 	1,6	2	2	2	3	3	5,5	4	3	3	1	1	0	1	1	0	,5	1,5	2,5	20	0	0	0	0	100	0	 	0	0	8	1	1	0	Russich	0	2	0	160	1	1986
